-398.1449319
-398.1524966
-398.1604247
-398.1687296
-398.1774226
-398.1864979
-398.1962441
-398.2061051
-398.2165117
-398.2273967
-398.2387659
-398.25063
-398.2629994
-398.2758831
-398.2892882
-398.3032189
-398.3176764
-398.332658
-398.3481569
-398.3641611
-398.380653
-398.3976083
-398.4149947
-398.4327707
-398.450883
-398.4692638
-398.4878269
-398.5064611
-398.5250223
-398.543321
-398.5611053
-398.5780367
-398.5936576
-398.6073469
-398.6182621
-398.6252634
-398.6268167
-398.62087
-398.6046944
-398.5746814
-398.5260802
-398.452655
-398.346233
-398.1960943
-397.9881103
-397.7034601
-397.3166295
-396.7922879
-396.0805272
-395.1096084
-393.7746645
