 &plot nbnd=   6, nks=    45 /
            0.750000  0.750000  0.000000
   7.003   7.594   8.630  15.801  17.419  25.059
            0.800000  0.700000  0.000000
   7.046   7.634   8.672  14.796  18.491  25.098
            0.850000  0.650000  0.000000
   7.176   7.752   8.797  13.338  20.152  25.215
            0.900000  0.600000  0.000000
   7.391   7.935   8.991  11.930  21.911  25.405
            0.950000  0.550000  0.000000
   7.691   8.138   9.202  10.715  23.670  25.648
            1.000000  0.500000  0.000000
   8.079   8.079   9.239  10.179  25.230  25.230
            0.900000  0.450000  0.000000
   6.591   8.620   9.979  10.811  24.077  25.102
            0.800000  0.400000  0.000000
   4.766   9.375  10.921  12.181  23.116  24.547
            0.700000  0.350000  0.000000
   3.092  10.345  11.944  13.924  22.360  24.004
            0.600000  0.300000  0.000000
   1.614  11.533  13.127  15.896  21.826  23.588
            0.500000  0.250000  0.000000
   0.350  12.932  14.469  18.052  21.474  23.315
            0.400000  0.200000  0.000000
  -0.693  14.542  15.950  20.358  21.319  23.218
            0.300000  0.150000  0.000000
  -1.510  16.355  17.539  22.616  21.349  23.448
            0.200000  0.100000  0.000000
  -2.096  18.347  19.196  23.244  21.531  25.475
            0.100000  0.050000  0.000000
  -2.449  20.452  20.847  23.441  21.792  24.418
            0.000000  0.000000  0.000000
  -2.566  21.934  21.934  21.934  23.516  23.516
            0.100000  0.000000  0.000000
  -2.472  21.056  21.056  21.277  23.286  24.525
            0.200000  0.000000  0.000000
  -2.190  19.808  19.808  20.034  22.678  25.400
            0.300000  0.000000  0.000000
  -1.721  18.642  18.642  18.751  21.885  22.758
            0.400000  0.000000  0.000000
  -1.066  17.632  17.632  17.611  20.073  21.117
            0.500000  0.000000  0.000000
  -0.229  16.772  16.772  16.615  17.528  20.338
            0.600000  0.000000  0.000000
   0.787  16.067  16.067  15.791  15.092  19.659
            0.700000  0.000000  0.000000
   1.977  15.517  15.517  15.146  12.791  19.107
            0.800000  0.000000  0.000000
   3.328  15.124  15.124  14.684  10.641  18.696
            0.900000  0.000000  0.000000
   4.802  14.886  14.886  14.406   8.683  18.442
            1.000000  0.000000  0.000000
   5.927  14.808  14.808  14.315   7.400  18.357
            1.000000  0.050000  0.000000
   5.948  13.685  14.629  15.480   7.422  18.561
            1.000000  0.100000  0.000000
   6.012  12.903   7.489  16.388  14.193  19.099
            1.000000  0.150000  0.000000
   6.120  12.154   7.602  17.350  13.635  19.823
            1.000000  0.200000  0.000000
   6.270  11.440   7.758  18.357  13.032  20.649
            1.000000  0.250000  0.000000
   6.464  10.773   7.958  19.405  12.431  21.543
            1.000000  0.300000  0.000000
   6.701  10.149   8.200  20.495  11.848  22.480
            1.000000  0.350000  0.000000
   6.981   9.568   8.479  21.624  11.297  23.442
            1.000000  0.450000  0.000000
   7.670   8.532   9.083  23.994  10.377  25.308
            1.000000  0.500000  0.000000
   8.079   8.079   9.239  25.230  10.179  25.230
            0.950000  0.500000  0.050000
   7.651   7.791   9.758  24.760  10.551  25.013
            0.900000  0.500000  0.100000
   6.986   7.217  10.685  24.152  11.361  24.532
            0.850000  0.500000  0.150000
   6.357   6.616  11.747  23.599  12.355  23.996
            0.800000  0.500000  0.200000
   5.802   6.063  12.907  23.106  13.455  23.480
            0.750000  0.500000  0.250000
   5.328   5.580  14.153  22.692  14.634  23.018
            0.700000  0.500000  0.300000
   4.938   5.177  15.474  22.342  15.871  22.612
            0.650000  0.500000  0.350000
   4.634   4.860  16.857  22.048  17.149  22.258
            0.600000  0.500000  0.400000
   4.417   4.631  18.271  21.779  18.441  21.923
            0.550000  0.500000  0.450000
   4.286   4.494  19.634  21.423  19.686  21.489
            0.500000  0.500000  0.500000
   4.243   4.448  20.739  20.739  20.780  20.780
