 # dimension de la red :          64
 # acoplamiento spines :  0.455555558    
 # campo externo       :   0.00000000    
 #                     
 #paso,  <mag.total>,<mag.cadena>,energ,calor esp
 #                     
       1       -0.783750       -0.783750       -0.702721        1.176880
       2       -0.784961       -0.786172       -0.705293        1.277771
       3       -0.789141       -0.797500       -0.706589        1.276652
       4       -0.789636       -0.791123       -0.706116        1.161652
       5       -0.790541       -0.794160       -0.706695        1.179224
       6       -0.788621       -0.779023       -0.706560        1.214783
       7       -0.788902       -0.790586       -0.706442        1.217686
       8       -0.789329       -0.792314       -0.707066        1.227402
       9       -0.790671       -0.801406       -0.707696        1.223402
      10       -0.791297       -0.796934       -0.707859        1.204382
      11       -0.791415       -0.792598       -0.707675        1.278609
      12       -0.791317       -0.790234       -0.707504        1.255941
      13       -0.791192       -0.789697       -0.707311        1.250235
      14       -0.791354       -0.793457       -0.707498        1.275661
      15       -0.791548       -0.794258       -0.707417        1.294352
      16       -0.790725       -0.778389       -0.707305        1.326782
      17       -0.790081       -0.779775       -0.707324        1.350327
      18       -0.789611       -0.781611       -0.707263        1.366441
      19       -0.789865       -0.794453       -0.707108        1.347547
      20       -0.790039       -0.793340       -0.707232        1.335785
      21       -0.789548       -0.779717       -0.707175        1.323463
      22       -0.789951       -0.798428       -0.707201        1.340443
      23       -0.790377       -0.799756       -0.707447        1.347540
      24       -0.790719       -0.798564       -0.707569        1.340129
      25       -0.790557       -0.786680       -0.707549        1.336982
      26       -0.790194       -0.781113       -0.707486        1.363986
      27       -0.790205       -0.790488       -0.707581        1.349664
      28       -0.790266       -0.791924       -0.707600        1.370780
      29       -0.790055       -0.784150       -0.707492        1.367861
      30       -0.790394       -0.800225       -0.707604        1.361336
      31       -0.790469       -0.792695       -0.707752        1.371385
      32       -0.790417       -0.788818       -0.707715        1.364071
      33       -0.790471       -0.792188       -0.707727        1.368131
      34       -0.790448       -0.789707       -0.707685        1.369805
      35       -0.790220       -0.782451       -0.707634        1.381958
      36       -0.790363       -0.795381       -0.707753        1.383657
      37       -0.790288       -0.787588       -0.707722        1.387280
      38       -0.790342       -0.792334       -0.707711        1.394409
      39       -0.790385       -0.792022       -0.707685        1.395339
      40       -0.790556       -0.797227       -0.707786        1.399597
      41       -0.790423       -0.785107       -0.707694        1.398714
      42       -0.790292       -0.784922       -0.707587        1.403056
      43       -0.790393       -0.794648       -0.707623        1.404936
      44       -0.790383       -0.789922       -0.707557        1.403348
      45       -0.790309       -0.787070       -0.707520        1.395559
      46       -0.790421       -0.795469       -0.707615        1.391960
      47       -0.790137       -0.777061       -0.707474        1.402115
      48       -0.790121       -0.789385       -0.707385        1.408198
      49       -0.790327       -0.800186       -0.707379        1.405528
      50       -0.790637       -0.805859       -0.707471        1.408350
      51       -0.790729       -0.795332       -0.707478        1.402315
      52       -0.790680       -0.788174       -0.707491        1.398790
      53       -0.790701       -0.791807       -0.707465        1.390717
      54       -0.790771       -0.794443       -0.707501        1.393270
      55       -0.790626       -0.782793       -0.707421        1.392447
      56       -0.790450       -0.780791       -0.707388        1.399606
      57       -0.790408       -0.788037       -0.707357        1.407711
      58       -0.790536       -0.797871       -0.707384        1.409218
      59       -0.790520       -0.789570       -0.707374        1.407013
      60       -0.790468       -0.787422       -0.707338        1.406543
      61       -0.790449       -0.789277       -0.707327        1.402932
      62       -0.790477       -0.792178       -0.707314        1.399700
      63       -0.790380       -0.784355       -0.707259        1.401590
      64       -0.790386       -0.790771       -0.707258        1.407000
      65       -0.790182       -0.777139       -0.707210        1.406888
      66       -0.790355       -0.801621       -0.707314        1.406642
      67       -0.790503       -0.800254       -0.707331        1.402847
      68       -0.790590       -0.796396       -0.707362        1.404835
      69       -0.790582       -0.790039       -0.707363        1.405932
      70       -0.790502       -0.784990       -0.707331        1.402972
      71       -0.790489       -0.789590       -0.707343        1.405029
      72       -0.790481       -0.789932       -0.707330        1.402907
      73       -0.790244       -0.773164       -0.707288        1.399576
      74       -0.790163       -0.784229       -0.707285        1.400993
      75       -0.790060       -0.782451       -0.707235        1.404816
      76       -0.790023       -0.787275       -0.707187        1.401926
      77       -0.790151       -0.799854       -0.707232        1.398250
      78       -0.790124       -0.788076       -0.707208        1.397577
      79       -0.790230       -0.798477       -0.707214        1.397047
      80       -0.790294       -0.795381       -0.707256        1.397430
      81       -0.790281       -0.789180       -0.707258        1.401967
      82       -0.790336       -0.794805       -0.707255        1.399746
      83       -0.790340       -0.790664       -0.707258        1.402104
      84       -0.790349       -0.791143       -0.707276        1.403694
      85       -0.790232       -0.780381       -0.707279        1.404700
      86       -0.790326       -0.798330       -0.707299        1.404151
      87       -0.790307       -0.788662       -0.707281        1.409359
      88       -0.790320       -0.791426       -0.707295        1.406888
      89       -0.790287       -0.787363       -0.707258        1.405271
      90       -0.790345       -0.795527       -0.707277        1.401837
      91       -0.790298       -0.786074       -0.707250        1.398550
      92       -0.790256       -0.786445       -0.707238        1.396803
      93       -0.790341       -0.798174       -0.707276        1.398314
      94       -0.790407       -0.796572       -0.707281        1.395092
      95       -0.790352       -0.785156       -0.707236        1.396908
      96       -0.790394       -0.794316       -0.707267        1.392639
      97       -0.790482       -0.798994       -0.707287        1.392211
      98       -0.790479       -0.790176       -0.707292        1.398918
      99       -0.790515       -0.793994       -0.707287        1.399059
     100       -0.790442       -0.783252       -0.707270        1.398263
