 # dimension de la red :          64
 # acoplamiento spines :  0.453333348    
 # campo externo       :   0.00000000    
 #                     
 #paso,  <mag.total>,<mag.cadena>,energ,calor esp
 #                     
       1       -0.769082       -0.769082       -0.694105        1.008911
       2       -0.772158       -0.775234       -0.696460        1.138855
       3       -0.776602       -0.785488       -0.697263        1.133870
       4       -0.777253       -0.779209       -0.696672        1.103729
       5       -0.778939       -0.785684       -0.697088        1.133423
       6       -0.777160       -0.768262       -0.696904        1.206380
       7       -0.777748       -0.781279       -0.696827        1.195156
       8       -0.778367       -0.782695       -0.697621        1.185562
       9       -0.779519       -0.788740       -0.698359        1.190158
      10       -0.780301       -0.787334       -0.698531        1.153076
      11       -0.778060       -0.755654       -0.697839        1.235551
      12       -0.778437       -0.782578       -0.697715        1.204386
      13       -0.777246       -0.762959       -0.697351        1.216581
      14       -0.777148       -0.775869       -0.697360        1.218733
      15       -0.777342       -0.780059       -0.697269        1.247070
      16       -0.776784       -0.768408       -0.697137        1.288147
      17       -0.776200       -0.766855       -0.697205        1.328599
      18       -0.774714       -0.749463       -0.697071        1.377672
      19       -0.774736       -0.775137       -0.696865        1.364052
      20       -0.775206       -0.784121       -0.697058        1.366772
      21       -0.775459       -0.780527       -0.697164        1.353824
      22       -0.775552       -0.777510       -0.697208        1.364130
      23       -0.775253       -0.768672       -0.697280        1.389951
      24       -0.774924       -0.767363       -0.697293        1.379527
      25       -0.775109       -0.779541       -0.697317        1.385498
      26       -0.774750       -0.765781       -0.697221        1.407382
      27       -0.774741       -0.774492       -0.697290        1.408949
      28       -0.774894       -0.779023       -0.697331        1.421435
      29       -0.774962       -0.776865       -0.697258        1.420995
      30       -0.775348       -0.786563       -0.697418        1.414062
      31       -0.775574       -0.782334       -0.697564        1.444265
      32       -0.775652       -0.778086       -0.697580        1.437935
      33       -0.776010       -0.787451       -0.697627        1.438872
      34       -0.776382       -0.788672       -0.697621        1.429978
      35       -0.776066       -0.765303       -0.697545        1.439104
      36       -0.776203       -0.781016       -0.697641        1.440118
      37       -0.776123       -0.773252       -0.697603        1.440839
      38       -0.776222       -0.779863       -0.697610        1.453215
      39       -0.776451       -0.785166       -0.697606        1.452208
      40       -0.776523       -0.779316       -0.697720        1.450696
      41       -0.776388       -0.771016       -0.697626        1.441418
      42       -0.776248       -0.770498       -0.697529        1.442694
      43       -0.776081       -0.769082       -0.697500        1.442261
      44       -0.775899       -0.768057       -0.697407        1.441736
      45       -0.775761       -0.769687       -0.697348        1.437714
      46       -0.775916       -0.782881       -0.697422        1.434915
      47       -0.775606       -0.761357       -0.697277        1.445183
      48       -0.775605       -0.775576       -0.697197        1.454175
      49       -0.775802       -0.785254       -0.697182        1.459114
      50       -0.776070       -0.789180       -0.697278        1.464402
      51       -0.776291       -0.787324       -0.697298        1.460842
      52       -0.776280       -0.775723       -0.697306        1.459609
      53       -0.776383       -0.781768       -0.697294        1.450605
      54       -0.776362       -0.775244       -0.697301        1.451339
      55       -0.776171       -0.765840       -0.697229        1.457537
      56       -0.775819       -0.756475       -0.697180        1.464855
      57       -0.775804       -0.774951       -0.697165        1.473939
      58       -0.776146       -0.795654       -0.697230        1.470377
      59       -0.776325       -0.786709       -0.697266        1.461593
      60       -0.776145       -0.765508       -0.697207        1.468899
      61       -0.776251       -0.782646       -0.697216        1.464307
      62       -0.776328       -0.781025       -0.697197        1.457764
      63       -0.776243       -0.770918       -0.697143        1.451687
      64       -0.776146       -0.770068       -0.697115        1.452974
      65       -0.775984       -0.765576       -0.697078        1.448898
      66       -0.776263       -0.794424       -0.697199        1.449443
      67       -0.776429       -0.787363       -0.697218        1.440758
      68       -0.776496       -0.780996       -0.697235        1.443476
      69       -0.776354       -0.766709       -0.697196        1.453180
      70       -0.776227       -0.767500       -0.697143        1.452455
      71       -0.776099       -0.767080       -0.697142        1.453280
      72       -0.775965       -0.766475       -0.697101        1.451708
      73       -0.775601       -0.749424       -0.697037        1.455163
      74       -0.775727       -0.784883       -0.697046        1.452586
      75       -0.775471       -0.756572       -0.696984        1.460718
      76       -0.775472       -0.775488       -0.696951        1.461585
      77       -0.775614       -0.786406       -0.696987        1.456568
      78       -0.775356       -0.755518       -0.696955        1.458440
      79       -0.775527       -0.788867       -0.696976        1.456885
      80       -0.775514       -0.774453       -0.696998        1.462451
      81       -0.775550       -0.778486       -0.697003        1.468660
      82       -0.775681       -0.786260       -0.697019        1.464451
      83       -0.775790       -0.784727       -0.697047        1.466659
      84       -0.775849       -0.780752       -0.697073        1.466352
      85       -0.775965       -0.785703       -0.697096        1.464647
      86       -0.775951       -0.774785       -0.697095        1.463058
      87       -0.775881       -0.769873       -0.697075        1.464834
      88       -0.775865       -0.774463       -0.697088        1.462330
      89       -0.775716       -0.762568       -0.697029        1.463151
      90       -0.775748       -0.778603       -0.697037        1.462404
      91       -0.775756       -0.776523       -0.697017        1.462476
      92       -0.775739       -0.774170       -0.697018        1.460169
      93       -0.775851       -0.786162       -0.697062        1.462464
      94       -0.775841       -0.774873       -0.697048        1.459279
      95       -0.775846       -0.776309       -0.697013        1.459493
      96       -0.775926       -0.783555       -0.697047        1.456388
      97       -0.775957       -0.778945       -0.697053        1.454670
      98       -0.775907       -0.771035       -0.697057        1.460701
      99       -0.775970       -0.782197       -0.697068        1.462931
     100       -0.775902       -0.769092       -0.697035        1.462733
