 # dimension de la red :          64
 # acoplamiento spines :  0.451111108    
 # campo externo       :   0.00000000    
 #                     
 #paso,  <mag.total>,<mag.cadena>,energ,calor esp
 #                     
       1       -0.702187       -0.702187       -0.679151        1.866943
       2       -0.731592       -0.760996       -0.683275        1.501282
       3       -0.743018       -0.765869       -0.684570        1.461304
       4       -0.744329       -0.748262       -0.683724        1.378601
       5       -0.746387       -0.754619       -0.684115        1.426782
       6       -0.748529       -0.759238       -0.684470        1.437052
       7       -0.748387       -0.747539       -0.684167        1.439750
       8       -0.751487       -0.773184       -0.685132        1.416519
       9       -0.755056       -0.783613       -0.686198        1.395467
      10       -0.756717       -0.771660       -0.686495        1.357800
      11       -0.757134       -0.761309       -0.686230        1.404319
      12       -0.757173       -0.757598       -0.686056        1.399424
      13       -0.757088       -0.756064       -0.685836        1.392775
      14       -0.756348       -0.746729       -0.685980        1.405038
      15       -0.756465       -0.758115       -0.685831        1.450155
      16       -0.755895       -0.747334       -0.685697        1.482170
      17       -0.752658       -0.700869       -0.685488        1.522052
      18       -0.753173       -0.761924       -0.685535        1.566230
      19       -0.753413       -0.757734       -0.685298        1.551398
      20       -0.754467       -0.774492       -0.685602        1.528961
      21       -0.754798       -0.761416       -0.685682        1.520857
      22       -0.755173       -0.763057       -0.685693        1.528243
      23       -0.755602       -0.765029       -0.685840        1.543255
      24       -0.755859       -0.761787       -0.685929        1.534368
      25       -0.756435       -0.770234       -0.686068        1.522563
      26       -0.755355       -0.728369       -0.685937        1.528691
      27       -0.755447       -0.757842       -0.686034        1.520657
      28       -0.754701       -0.734570       -0.686023        1.562461
      29       -0.754827       -0.758340       -0.685980        1.571319
      30       -0.754765       -0.752979       -0.685984        1.569869
      31       -0.755281       -0.770752       -0.686166        1.591880
      32       -0.755183       -0.752158       -0.686104        1.580734
      33       -0.755443       -0.763740       -0.686156        1.585427
      34       -0.755898       -0.770938       -0.686152        1.576064
      35       -0.756378       -0.772695       -0.686234        1.582708
      36       -0.756545       -0.762393       -0.686385        1.581184
      37       -0.756438       -0.752588       -0.686342        1.591434
      38       -0.755407       -0.717256       -0.686257        1.617184
      39       -0.755585       -0.762354       -0.686284        1.619457
      40       -0.755502       -0.752246       -0.686421        1.629672
      41       -0.755350       -0.749268       -0.686296        1.625569
      42       -0.755369       -0.756133       -0.686201        1.635885
      43       -0.755333       -0.753857       -0.686182        1.626005
      44       -0.755411       -0.758730       -0.686112        1.624331
      45       -0.755305       -0.750674       -0.686046        1.620093
      46       -0.755608       -0.769229       -0.686103        1.619570
      47       -0.755477       -0.749434       -0.686012        1.609198
      48       -0.755689       -0.765664       -0.685946        1.609858
      49       -0.755952       -0.768564       -0.685915        1.608849
      50       -0.756102       -0.763467       -0.685980        1.617754
      51       -0.756305       -0.766465       -0.685998        1.618624
      52       -0.756257       -0.753818       -0.686006        1.613791
      53       -0.756089       -0.747334       -0.685954        1.606496
      54       -0.756126       -0.758105       -0.685996        1.613128
      55       -0.756069       -0.752949       -0.685954        1.615152
      56       -0.756242       -0.765762       -0.685997        1.616586
      57       -0.756143       -0.750615       -0.685962        1.628022
      58       -0.756226       -0.760947       -0.685972        1.626726
      59       -0.756107       -0.749229       -0.685940        1.627423
      60       -0.756144       -0.758291       -0.685919        1.625728
      61       -0.756211       -0.760244       -0.685884        1.615358
      62       -0.756423       -0.769355       -0.685904        1.606154
      63       -0.756358       -0.752353       -0.685864        1.604568
      64       -0.756347       -0.755654       -0.685854        1.602680
      65       -0.756492       -0.765742       -0.685867        1.597662
      66       -0.756689       -0.769482       -0.685994        1.595590
      67       -0.756673       -0.755625       -0.686011        1.589720
      68       -0.756837       -0.767871       -0.686034        1.592088
      69       -0.756738       -0.749971       -0.686006        1.596918
      70       -0.756711       -0.754873       -0.685967        1.592388
      71       -0.756884       -0.769004       -0.685988        1.593628
      72       -0.756800       -0.750781       -0.685967        1.590927
      73       -0.756471       -0.732803       -0.685903        1.587949
      74       -0.756679       -0.771855       -0.685924        1.583390
      75       -0.756350       -0.732041       -0.685863        1.589246
      76       -0.756275       -0.750596       -0.685809        1.590253
      77       -0.756443       -0.769209       -0.685848        1.586437
      78       -0.756583       -0.767393       -0.685863        1.581440
      79       -0.756093       -0.717852       -0.685847        1.590079
      80       -0.737623        0.721494       -0.685845        1.596179
      81       -0.718974        0.772969       -0.685889        1.592651
      82       -0.700761        0.774443       -0.685897        1.588980
      83       -0.683123        0.763223       -0.685928        1.596875
      84       -0.665892        0.764268       -0.685967        1.599032
      85       -0.665058       -0.594990       -0.685918        1.606537
      86       -0.666270       -0.769316       -0.685941        1.605998
      87       -0.667197       -0.746885       -0.685917        1.605331
      88       -0.668256       -0.760439       -0.685950        1.602160
      89       -0.669217       -0.753721       -0.685924        1.601778
      90       -0.670376       -0.773564       -0.685974        1.602767
      91       -0.671501       -0.772764       -0.685985        1.598539
      92       -0.672466       -0.760244       -0.685997        1.595931
      93       -0.673528       -0.771260       -0.686042        1.597793
      94       -0.674517       -0.766514       -0.686038        1.592664
      95       -0.675270       -0.746025       -0.685991        1.590495
      96       -0.676253       -0.769600       -0.686030        1.586645
      97       -0.677167       -0.764922       -0.686032        1.581918
      98       -0.678045       -0.763272       -0.686050        1.587653
      99       -0.678717       -0.744541       -0.686034        1.593230
     100       -0.679484       -0.755371       -0.686021        1.592806
