 # dimension de la red :          64
 # acoplamiento spines :  0.882222235    
 # campo externo       :   0.00000000    
 #                     
 #paso,  <mag.total>,<mag.cadena>,energ,calor esp
 #                     
       1       -0.998271       -0.998271       -1.758621        0.048828
       2       -0.998062       -0.997852       -1.757854        0.050781
       3       -0.998122       -0.998242       -1.758046        0.051107
       4       -0.998132       -0.998164       -1.758082        0.050049
       5       -0.998106       -0.997998       -1.757993        0.049805
       6       -0.998114       -0.998154       -1.758006        0.045736
       7       -0.998094       -0.997979       -1.757949        0.046875
       8       -0.998024       -0.997529       -1.757722        0.048706
       9       -0.998022       -0.998008       -1.757717        0.047960
      10       -0.998039       -0.998193       -1.757783        0.047461
      11       -0.998026       -0.997900       -1.757750        0.047230
      12       -0.998006       -0.997783       -1.757680        0.047445
      13       -0.998006       -0.997998       -1.757673        0.046349
      14       -0.998014       -0.998125       -1.757702        0.048131
      15       -0.998016       -0.998047       -1.757711        0.048828
      16       -0.998032       -0.998271       -1.757757        0.048157
      17       -0.998026       -0.997920       -1.757735        0.049288
      18       -0.998042       -0.998320       -1.757789        0.049099
      19       -0.998038       -0.997969       -1.757775        0.049650
      20       -0.998042       -0.998125       -1.757784        0.049414
      21       -0.998036       -0.997910       -1.757759        0.049014
      22       -0.998020       -0.997686       -1.757711        0.049050
      23       -0.998016       -0.997930       -1.757699        0.048786
      24       -0.998038       -0.998525       -1.757772        0.048503
      25       -0.998036       -0.997998       -1.757764        0.048320
      26       -0.998038       -0.998096       -1.757768        0.047964
      27       -0.998027       -0.997744       -1.757730        0.048683
      28       -0.998026       -0.997979       -1.757724        0.049107
      29       -0.998029       -0.998135       -1.757736        0.048996
      30       -0.998039       -0.998320       -1.757765        0.048763
      31       -0.998045       -0.998232       -1.757786        0.048324
      32       -0.998049       -0.998154       -1.757799        0.048615
      33       -0.998044       -0.997891       -1.757781        0.048917
      34       -0.998047       -0.998145       -1.757791        0.048799
      35       -0.998058       -0.998428       -1.757827        0.048772
      36       -0.998052       -0.997852       -1.757809        0.048665
      37       -0.998055       -0.998164       -1.757819        0.048986
      38       -0.998053       -0.997969       -1.757817        0.049342
      39       -0.998053       -0.998047       -1.757815        0.049354
      40       -0.998052       -0.998018       -1.757811        0.049316
      41       -0.998055       -0.998164       -1.757820        0.049257
      42       -0.998053       -0.998008       -1.757817        0.049130
      43       -0.998060       -0.998320       -1.757836        0.048805
      44       -0.998062       -0.998164       -1.757841        0.048562
      45       -0.998057       -0.997852       -1.757827        0.048090
      46       -0.998053       -0.997861       -1.757813        0.048319
      47       -0.998052       -0.998018       -1.757813        0.048475
      48       -0.998048       -0.997832       -1.757797        0.048381
      49       -0.998046       -0.997959       -1.757793        0.048330
      50       -0.998046       -0.998066       -1.757795        0.048457
      51       -0.998040       -0.997744       -1.757776        0.049000
      52       -0.998039       -0.997959       -1.757771        0.049072
      53       -0.998042       -0.998203       -1.757782        0.048810
      54       -0.998043       -0.998076       -1.757782        0.048629
      55       -0.998040       -0.997891       -1.757770        0.048295
      56       -0.998045       -0.998320       -1.757785        0.048235
      57       -0.998048       -0.998193       -1.757794        0.048400
      58       -0.998046       -0.997949       -1.757787        0.048222
      59       -0.998046       -0.998086       -1.757789        0.048365
      60       -0.998045       -0.997969       -1.757785        0.048340
      61       -0.998045       -0.998027       -1.757784        0.048252
      62       -0.998045       -0.998057       -1.757787        0.048356
      63       -0.998047       -0.998193       -1.757794        0.048549
      64       -0.998054       -0.998457       -1.757815        0.048340
      65       -0.998051       -0.997871       -1.757805        0.048242
      66       -0.998053       -0.998154       -1.757811        0.048266
      67       -0.998049       -0.997793       -1.757800        0.048289
      68       -0.998048       -0.997988       -1.757796        0.048282
      69       -0.998051       -0.998232       -1.757803        0.048050
      70       -0.998049       -0.997920       -1.757798        0.048214
      71       -0.998048       -0.997969       -1.757794        0.048017
      72       -0.998052       -0.998340       -1.757807        0.048001
      73       -0.998055       -0.998311       -1.757819        0.047985
      74       -0.998054       -0.997979       -1.757816        0.047984
      75       -0.998056       -0.998232       -1.757823        0.047891
      76       -0.998057       -0.998086       -1.757825        0.047710
      77       -0.998059       -0.998213       -1.757833        0.047737
      78       -0.998056       -0.997852       -1.757824        0.047676
      79       -0.998055       -0.997939       -1.757818        0.047666
      80       -0.998057       -0.998213       -1.757826        0.047400
      81       -0.998056       -0.997998       -1.757824        0.047345
      82       -0.998056       -0.998076       -1.757826        0.047077
      83       -0.998059       -0.998262       -1.757833        0.046934
      84       -0.998060       -0.998174       -1.757837        0.046817
      85       -0.998063       -0.998320       -1.757847        0.046714
      86       -0.998061       -0.997842       -1.757839        0.046716
      87       -0.998057       -0.997725       -1.757825        0.047010
      88       -0.998061       -0.998418       -1.757840        0.046853
      89       -0.998063       -0.998213       -1.757845        0.046897
      90       -0.998062       -0.997979       -1.757841        0.046994
      91       -0.998064       -0.998262       -1.757849        0.046778
      92       -0.998065       -0.998145       -1.757852        0.046790
      93       -0.998066       -0.998213       -1.757859        0.046560
      94       -0.998069       -0.998291       -1.757865        0.046314
      95       -0.998066       -0.997842       -1.757858        0.046495
      96       -0.998066       -0.998008       -1.757856        0.046468
      97       -0.998066       -0.998096       -1.757856        0.046643
      98       -0.998064       -0.997842       -1.757849        0.046636
      99       -0.998062       -0.997900       -1.757843        0.046579
     100       -0.998057       -0.997578       -1.757827        0.046582
