 # dimension de la red :          64
 # acoplamiento spines :   5.66666685E-02
 # campo externo       :   0.00000000    
 #                     
 #paso,  <mag.total>,<mag.cadena>,energ,calor esp
 #                     
       1       -0.002236       -0.002236       -0.006555        0.005275
       2        0.001133        0.004502       -0.006508        0.006507
       3        0.000231       -0.001572       -0.006429        0.006976
       4        0.000347        0.000693       -0.006383        0.006898
       5        0.000723        0.002227       -0.006356        0.006908
       6        0.000786        0.001104       -0.006391        0.006712
       7        0.001184        0.003574       -0.006429        0.006458
       8        0.001283        0.001973       -0.006433        0.006441
       9        0.000880       -0.002344       -0.006420        0.006627
      10        0.000659       -0.001328       -0.006450        0.006693
      11        0.000866        0.002939       -0.006442        0.006580
      12        0.000981        0.002246       -0.006437        0.006547
      13        0.001062        0.002031       -0.006444        0.006610
      14        0.001172        0.002598       -0.006463        0.006579
      15        0.001011       -0.001240       -0.006461        0.006627
      16        0.000849       -0.001582       -0.006474        0.006638
      17        0.001041        0.004111       -0.006482        0.006534
      18        0.000868       -0.002080       -0.006465        0.006634
      19        0.000717       -0.001992       -0.006462        0.006698
      20        0.000726        0.000898       -0.006468        0.006837
      21        0.000539       -0.003213       -0.006461        0.006803
      22        0.000503       -0.000244       -0.006468        0.006838
      23        0.000510        0.000674       -0.006487        0.006771
      24        0.000327       -0.003896       -0.006481        0.006845
      25        0.000215       -0.002471       -0.006480        0.006782
      26        0.000239        0.000830       -0.006479        0.006810
      27        0.000204       -0.000693       -0.006491        0.006832
      28        0.000221        0.000693       -0.006491        0.006814
      29        0.000144       -0.002021       -0.006486        0.006841
      30        0.000149        0.000293       -0.006483        0.006737
      31       -0.000067       -0.006543       -0.006483        0.006754
      32       -0.000121       -0.001787       -0.006480        0.006757
      33       -0.000122       -0.000156       -0.006489        0.006768
      34       -0.000077        0.001406       -0.006487        0.006716
      35       -0.000047        0.000947       -0.006486        0.006679
      36       -0.000094       -0.001719       -0.006484        0.006668
      37       -0.000139       -0.001748       -0.006486        0.006676
      38        0.000007        0.005381       -0.006483        0.006620
      39       -0.000050       -0.002197       -0.006490        0.006579
      40       -0.000073       -0.000986       -0.006486        0.006572
      41       -0.000091       -0.000811       -0.006480        0.006534
      42       -0.000186       -0.004082       -0.006472        0.006530
      43       -0.000181        0.000029       -0.006459        0.006572
      44       -0.000211       -0.001494       -0.006459        0.006591
      45       -0.000205        0.000078       -0.006459        0.006609
      46       -0.000162        0.001738       -0.006462        0.006611
      47       -0.000116        0.002002       -0.006461        0.006593
      48       -0.000102        0.000576       -0.006460        0.006596
      49       -0.000149       -0.002432       -0.006458        0.006579
      50       -0.000169       -0.001143       -0.006458        0.006577
      51       -0.000144        0.001123       -0.006456        0.006585
      52       -0.000123        0.000957       -0.006451        0.006605
      53       -0.000177       -0.002979       -0.006461        0.006615
      54       -0.000177       -0.000205       -0.006462        0.006585
      55       -0.000146        0.001523       -0.006464        0.006547
      56       -0.000158       -0.000820       -0.006466        0.006517
      57       -0.000133        0.001309       -0.006471        0.006540
      58       -0.000079        0.002959       -0.006465        0.006551
      59       -0.000116       -0.002217       -0.006470        0.006576
      60       -0.000049        0.003906       -0.006471        0.006564
      61       -0.000037        0.000645       -0.006467        0.006559
      62       -0.000037        0.000000       -0.006470        0.006541
      63       -0.000065       -0.001826       -0.006474        0.006513
      64       -0.000017        0.002988       -0.006474        0.006497
      65       -0.000076       -0.003828       -0.006476        0.006501
      66       -0.000089       -0.000967       -0.006475        0.006493
      67       -0.000099       -0.000723       -0.006474        0.006502
      68       -0.000040        0.003867       -0.006473        0.006524
      69       -0.000027        0.000898       -0.006468        0.006530
      70       -0.000006        0.001406       -0.006469        0.006507
      71        0.000014        0.001426       -0.006469        0.006509
      72        0.000040        0.001885       -0.006467        0.006525
      73        0.000106        0.004844       -0.006467        0.006527
      74        0.000170        0.004854       -0.006469        0.006558
      75        0.000141       -0.001973       -0.006469        0.006557
      76        0.000138       -0.000107       -0.006467        0.006567
      77        0.000102       -0.002627       -0.006471        0.006534
      78        0.000026       -0.005801       -0.006469        0.006544
      79        0.000000       -0.002031       -0.006468        0.006537
      80       -0.000017       -0.001377       -0.006460        0.006496
      81       -0.000076       -0.004834       -0.006459        0.006507
      82       -0.000033        0.003477       -0.006460        0.006476
      83       -0.000034       -0.000088       -0.006455        0.006474
      84       -0.000070       -0.003086       -0.006456        0.006494
      85       -0.000029        0.003428       -0.006459        0.006466
      86        0.000011        0.003379       -0.006460        0.006436
      87        0.000030        0.001660       -0.006462        0.006446
      88        0.000025       -0.000352       -0.006462        0.006463
      89        0.000051        0.002324       -0.006465        0.006493
      90        0.000025       -0.002324       -0.006466        0.006476
      91        0.000049        0.002188       -0.006467        0.006477
      92        0.000041       -0.000664       -0.006467        0.006474
      93        0.000043        0.000264       -0.006465        0.006471
      94        0.000061        0.001719       -0.006465        0.006465
      95        0.000037       -0.002207       -0.006461        0.006438
      96        0.000045        0.000771       -0.006460        0.006460
      97        0.000056        0.001182       -0.006461        0.006459
      98        0.000065        0.000908       -0.006463        0.006477
      99        0.000031       -0.003301       -0.006463        0.006475
     100        0.000051        0.002012       -0.006462        0.006476
