 # dimension de la red :          64
 # acoplamiento spines :  0.243333340    
 # campo externo       :   0.00000000    
 #                     
 #paso,  <mag.total>,<mag.cadena>,energ,calor esp
 #                     
       1       -0.003408       -0.003408       -0.131286        0.133392
       2       -0.002104       -0.000801       -0.131783        0.125687
       3        0.001068        0.007412       -0.131116        0.146133
       4       -0.000046       -0.003389       -0.131074        0.148829
       5        0.000383        0.002100       -0.131107        0.153522
       6       -0.000729       -0.006289       -0.131162        0.155338
       7        0.000035        0.004619       -0.131086        0.152860
       8        0.000338        0.002461       -0.131171        0.156312
       9       -0.000622       -0.008301       -0.131270        0.147847
      10       -0.001017       -0.004570       -0.131265        0.147839
      11       -0.001403       -0.005264       -0.131303        0.148401
      12       -0.000821        0.005576       -0.131280        0.148809
      13       -0.000647        0.001445       -0.131325        0.153248
      14       -0.000115        0.006797       -0.131233        0.154501
      15       -0.000433       -0.004883       -0.131259        0.155584
      16       -0.000294        0.001787       -0.131282        0.153431
      17       -0.000387       -0.001865       -0.131298        0.154833
      18       -0.000691       -0.005869       -0.131368        0.153773
      19       -0.000227        0.008135       -0.131364        0.155969
      20       -0.000114        0.002021       -0.131479        0.156527
      21       -0.000164       -0.001152       -0.131514        0.154703
      22       -0.000051        0.002324       -0.131480        0.154976
      23       -0.000135       -0.002002       -0.131527        0.157392
      24       -0.000471       -0.008184       -0.131484        0.158186
      25       -0.000270        0.004561       -0.131474        0.157681
      26       -0.000352       -0.002422       -0.131511        0.159472
      27       -0.000526       -0.005039       -0.131499        0.160377
      28       -0.000390        0.003281       -0.131489        0.159258
      29       -0.000443       -0.001943       -0.131446        0.158491
      30       -0.000659       -0.006895       -0.131403        0.157901
      31       -0.000648       -0.000342       -0.131404        0.157269
      32       -0.000497        0.004180       -0.131400        0.158848
      33       -0.000683       -0.006611       -0.131405        0.156834
      34       -0.000901       -0.008115       -0.131368        0.155982
      35       -0.000994       -0.004160       -0.131335        0.156259
      36       -0.001089       -0.004414       -0.131334        0.157031
      37       -0.001110       -0.001865       -0.131352        0.157537
      38       -0.001196       -0.004375       -0.131370        0.157512
      39       -0.001232       -0.002578       -0.131375        0.157665
      40       -0.001160        0.001621       -0.131380        0.156794
      41       -0.000986        0.005996       -0.131384        0.156628
      42       -0.000962        0.000029       -0.131389        0.156197
      43       -0.000815        0.005332       -0.131387        0.155964
      44       -0.000700        0.004277       -0.131362        0.155627
      45       -0.000622        0.002793       -0.131361        0.155933
      46       -0.000633       -0.001152       -0.131340        0.156209
      47       -0.000571        0.002324       -0.131343        0.155729
      48       -0.000684       -0.005996       -0.131355        0.154911
      49       -0.000779       -0.005371       -0.131314        0.154576
      50       -0.000902       -0.006904       -0.131362        0.154268
      51       -0.000802        0.004209       -0.131335        0.155151
      52       -0.000653        0.006934       -0.131350        0.155993
      53       -0.000676       -0.001895       -0.131327        0.156769
      54       -0.000623        0.002217       -0.131302        0.156626
      55       -0.000505        0.005859       -0.131283        0.156341
      56       -0.000633       -0.007676       -0.131273        0.156053
      57       -0.000784       -0.009258       -0.131262        0.156649
      58       -0.000764        0.000371       -0.131252        0.156342
      59       -0.000813       -0.003623       -0.131249        0.156328
      60       -0.000686        0.006816       -0.131226        0.156446
      61       -0.000645        0.001807       -0.131221        0.156754
      62       -0.000581        0.003320       -0.131225        0.156536
      63       -0.000663       -0.005732       -0.131197        0.155711
      64       -0.000672       -0.001260       -0.131197        0.155583
      65       -0.000681       -0.001299       -0.131194        0.155865
      66       -0.000646        0.001670       -0.131190        0.155678
      67       -0.000675       -0.002568       -0.131199        0.156833
      68       -0.000716       -0.003525       -0.131203        0.156271
      69       -0.000795       -0.006133       -0.131204        0.156831
      70       -0.000772        0.000840       -0.131198        0.156962
      71       -0.000743        0.001270       -0.131196        0.156384
      72       -0.000677        0.003975       -0.131179        0.156441
      73       -0.000613        0.003984       -0.131175        0.156499
      74       -0.000626       -0.001514       -0.131173        0.157273
      75       -0.000650       -0.002422       -0.131166        0.156479
      76       -0.000641        0.000000       -0.131182        0.156700
      77       -0.000636       -0.000225       -0.131162        0.156678
      78       -0.000551        0.005967       -0.131162        0.157405
      79       -0.000603       -0.004629       -0.131165        0.157403
      80       -0.000653       -0.004600       -0.131162        0.157942
      81       -0.000701       -0.004570       -0.131150        0.157331
      82       -0.000757       -0.005313       -0.131138        0.157354
      83       -0.000753       -0.000449       -0.131127        0.157078
      84       -0.000725        0.001650       -0.131160        0.156557
      85       -0.000800       -0.007139       -0.131158        0.157090
      86       -0.000754        0.003223       -0.131163        0.156930
      87       -0.000739        0.000488       -0.131154        0.156678
      88       -0.000738       -0.000586       -0.131168        0.156049
      89       -0.000780       -0.004541       -0.131177        0.157180
      90       -0.000732        0.003525       -0.131167        0.156777
      91       -0.000718        0.000596       -0.131171        0.156600
      92       -0.000696        0.001299       -0.131153        0.156569
      93       -0.000692       -0.000293       -0.131147        0.156276
      94       -0.000714       -0.002783       -0.131147        0.156461
      95       -0.000670        0.003477       -0.131155        0.155994
      96       -0.000668       -0.000469       -0.131157        0.156119
      97       -0.000663       -0.000234       -0.131165        0.155652
      98       -0.000665       -0.000859       -0.131161        0.155869
      99       -0.000631        0.002734       -0.131159        0.156238
     100       -0.000612        0.001230       -0.131151        0.156140
