 # dimension de la red :          64
 # acoplamiento spines :  0.528888881    
 # campo externo       :   0.00000000    
 #                     
 #paso,  <mag.total>,<mag.cadena>,energ,calor esp
 #                     
       1       -0.940088       -0.940088       -0.959076        0.659180
       2       -0.939082       -0.938076       -0.958627        0.588745
       3       -0.938913       -0.938574       -0.957995        0.513672
       4       -0.939001       -0.939268       -0.957720        0.523376
       5       -0.939082       -0.939404       -0.957871        0.517187
       6       -0.939294       -0.940352       -0.958200        0.532389
       7       -0.939494       -0.940693       -0.958421        0.559326
       8       -0.939669       -0.940898       -0.958863        0.569977
       9       -0.939885       -0.941611       -0.959076        0.558214
      10       -0.940016       -0.941191       -0.959279        0.556323
      11       -0.939997       -0.939805       -0.959247        0.553378
      12       -0.939953       -0.939473       -0.959209        0.560506
      13       -0.940074       -0.941533       -0.959272        0.562275
      14       -0.940030       -0.939453       -0.959268        0.560407
      15       -0.939986       -0.939375       -0.959176        0.558105
      16       -0.939943       -0.939297       -0.959165        0.559662
      17       -0.940027       -0.941367       -0.959392        0.558737
      18       -0.939983       -0.939238       -0.959326        0.570923
      19       -0.939839       -0.937246       -0.959162        0.577161
      20       -0.939914       -0.941338       -0.959257        0.579858
      21       -0.939914       -0.939922       -0.959303        0.572359
      22       -0.939986       -0.941484       -0.959350        0.573686
      23       -0.940068       -0.941865       -0.959475        0.567192
      24       -0.940157       -0.942227       -0.959567        0.560577
      25       -0.940161       -0.940234       -0.959576        0.558281
      26       -0.940150       -0.939893       -0.959594        0.554678
      27       -0.940171       -0.940713       -0.959641        0.552183
      28       -0.940224       -0.941641       -0.959711        0.557094
      29       -0.940136       -0.937686       -0.959592        0.558501
      30       -0.940206       -0.942246       -0.959688        0.560067
      31       -0.940305       -0.943262       -0.959824        0.561248
      32       -0.940312       -0.940527       -0.959826        0.558235
      33       -0.940263       -0.938711       -0.959772        0.555198
      34       -0.940245       -0.939629       -0.959725        0.554149
      35       -0.940261       -0.940820       -0.959751        0.553788
      36       -0.940337       -0.942988       -0.959824        0.552999
      37       -0.940284       -0.938379       -0.959755        0.552068
      38       -0.940347       -0.942686       -0.959818        0.552985
      39       -0.940284       -0.937891       -0.959757        0.560797
      40       -0.940310       -0.941338       -0.959795        0.560199
      41       -0.940309       -0.940254       -0.959794        0.557820
      42       -0.940277       -0.938955       -0.959769        0.562337
      43       -0.940296       -0.941113       -0.959787        0.561228
      44       -0.940291       -0.940088       -0.959774        0.560652
      45       -0.940235       -0.937734       -0.959733        0.559418
      46       -0.940257       -0.941270       -0.959732        0.559310
      47       -0.940200       -0.937588       -0.959661        0.556293
      48       -0.940162       -0.938350       -0.959623        0.559397
      49       -0.940138       -0.938984       -0.959592        0.557557
      50       -0.940149       -0.940723       -0.959608        0.559941
      51       -0.940122       -0.938730       -0.959570        0.562452
      52       -0.940115       -0.939766       -0.959551        0.564054
      53       -0.940137       -0.941289       -0.959584        0.561523
      54       -0.940139       -0.940244       -0.959589        0.559661
      55       -0.940147       -0.940605       -0.959602        0.558780
      56       -0.940146       -0.940068       -0.959623        0.557818
      57       -0.940164       -0.941172       -0.959644        0.559288
      58       -0.940167       -0.940342       -0.959638        0.555765
      59       -0.940155       -0.939434       -0.959616        0.555143
      60       -0.940147       -0.939717       -0.959598        0.552323
      61       -0.940124       -0.938701       -0.959561        0.554708
      62       -0.940141       -0.941182       -0.959563        0.553750
      63       -0.940161       -0.941396       -0.959587        0.555234
      64       -0.940142       -0.938955       -0.959557        0.555187
      65       -0.940129       -0.939287       -0.959545        0.551623
      66       -0.940137       -0.940713       -0.959564        0.549831
      67       -0.940142       -0.940430       -0.959562        0.550628
      68       -0.940148       -0.940576       -0.959580        0.551578
      69       -0.940117       -0.938027       -0.959553        0.551181
      70       -0.940112       -0.939727       -0.959545        0.550164
      71       -0.940082       -0.938027       -0.959521        0.551565
      72       -0.940069       -0.939150       -0.959500        0.550541
      73       -0.940097       -0.942109       -0.959520        0.549905
      74       -0.940086       -0.939248       -0.959509        0.550296
      75       -0.940095       -0.940771       -0.959504        0.552480
      76       -0.940088       -0.939570       -0.959489        0.551376
      77       -0.940115       -0.942178       -0.959534        0.551986
      78       -0.940133       -0.941475       -0.959544        0.552246
      79       -0.940128       -0.939775       -0.959533        0.552376
      80       -0.940126       -0.939971       -0.959531        0.551822
      81       -0.940130       -0.940420       -0.959530        0.551028
      82       -0.940129       -0.940098       -0.959529        0.550463
      83       -0.940129       -0.940117       -0.959526        0.550281
      84       -0.940124       -0.939707       -0.959536        0.550040
      85       -0.940123       -0.940059       -0.959533        0.550477
      86       -0.940120       -0.939844       -0.959534        0.549859
      87       -0.940101       -0.938467       -0.959518        0.551135
      88       -0.940109       -0.940801       -0.959527        0.549455
      89       -0.940115       -0.940605       -0.959534        0.549094
      90       -0.940116       -0.940205       -0.959523        0.548115
      91       -0.940107       -0.939307       -0.959516        0.549249
      92       -0.940090       -0.938535       -0.959504        0.547889
      93       -0.940096       -0.940713       -0.959517        0.547159
      94       -0.940082       -0.938779       -0.959497        0.546805
      95       -0.940077       -0.939580       -0.959478        0.547972
      96       -0.940071       -0.939473       -0.959470        0.548678
      97       -0.940070       -0.939951       -0.959463        0.549309
      98       -0.940080       -0.941064       -0.959466        0.548898
      99       -0.940065       -0.938604       -0.959449        0.551316
     100       -0.940061       -0.939687       -0.959434        0.552324
