 # dimension de la red :          64
 # acoplamiento spines :  0.383333325    
 # campo externo       :   0.00000000    
 #                     
 #paso,  <mag.total>,<mag.cadena>,energ,calor esp
 #                     
       1       -0.003857       -0.003857       -0.394961        0.567017
       2       -0.003081       -0.002305       -0.394126        0.589081
       3        0.000335        0.007168       -0.392789        0.648844
       4       -0.004170       -0.017686       -0.391646        0.650406
       5       -0.004312       -0.004883       -0.390978        0.686157
       6       -0.002323        0.007627       -0.391202        0.662394
       7       -0.003058       -0.007471       -0.391609        0.676226
       8       -0.004484       -0.014463       -0.391949        0.676514
       9       -0.003717        0.002412       -0.392152        0.689419
      10       -0.001895        0.014512       -0.392341        0.690778
      11       -0.003783       -0.022666       -0.392286        0.669667
      12       -0.002159        0.015703       -0.392461        0.659841
      13       -0.002621       -0.008164       -0.392393        0.660978
      14       -0.002507       -0.001025       -0.392387        0.670946
      15       -0.001674        0.009990       -0.392444        0.657670
      16       -0.001170        0.006387       -0.392334        0.655159
      17       -0.001282       -0.003066       -0.392268        0.677551
      18       -0.000850        0.006484       -0.392279        0.682281
      19       -0.001354       -0.010420       -0.392038        0.678197
      20       -0.002219       -0.018662       -0.392181        0.672180
      21       -0.002146       -0.000684       -0.392234        0.683704
      22       -0.001936        0.002480       -0.392062        0.683433
      23       -0.002148       -0.006807       -0.392085        0.689469
      24       -0.001973        0.002051       -0.392042        0.688797
      25       -0.001746        0.003682       -0.392013        0.679792
      26       -0.000916        0.019844       -0.392052        0.675514
      27       -0.001000       -0.003193       -0.391988        0.674249
      28       -0.000619        0.009678       -0.391983        0.682055
      29       -0.000310        0.008340       -0.391964        0.684888
      30       -0.000445       -0.004365       -0.391942        0.683582
      31       -0.000539       -0.003350       -0.391915        0.684356
      32       -0.000865       -0.010977       -0.391907        0.698448
      33       -0.000543        0.009766       -0.391917        0.698209
      34       -0.001031       -0.017129       -0.391906        0.703958
      35       -0.000885        0.004082       -0.391876        0.707124
      36       -0.000789        0.002549       -0.391921        0.702060
      37       -0.000383        0.014248       -0.391920        0.700632
      38       -0.000584       -0.008018       -0.391869        0.702140
      39       -0.000224        0.013438       -0.391872        0.698189
      40       -0.000877       -0.026328       -0.391931        0.698204
      41       -0.001273       -0.017119       -0.391937        0.705138
      42       -0.001068        0.007344       -0.391925        0.710295
      43       -0.000670        0.016055       -0.391948        0.703187
      44       -0.000499        0.006846       -0.391958        0.701501
      45       -0.001005       -0.023291       -0.391919        0.702186
      46       -0.001137       -0.007061       -0.391937        0.705545
      47       -0.001288       -0.008252       -0.391941        0.706556
      48       -0.001298       -0.001748       -0.391899        0.707853
      49       -0.001545       -0.013408       -0.391812        0.709191
      50       -0.001393        0.006084       -0.391860        0.705648
      51       -0.001619       -0.012920       -0.391817        0.705612
      52       -0.001394        0.010039       -0.391797        0.702114
      53       -0.001240        0.006768       -0.391808        0.699518
      54       -0.001098        0.006465       -0.391809        0.699727
      55       -0.001195       -0.006475       -0.391808        0.698088
      56       -0.000876        0.016680       -0.391854        0.696029
      57       -0.000712        0.008496       -0.391907        0.696992
      58       -0.000730       -0.001787       -0.391881        0.695869
      59       -0.000918       -0.011777       -0.391856        0.694365
      60       -0.000961       -0.003525       -0.391862        0.695379
      61       -0.001055       -0.006719       -0.391792        0.695550
      62       -0.000907        0.008135       -0.391765        0.691614
      63       -0.001045       -0.009570       -0.391773        0.694229
      64       -0.000859        0.010840       -0.391754        0.694668
      65       -0.000789        0.003682       -0.391706        0.692087
      66       -0.000796       -0.001230       -0.391728        0.693161
      67       -0.000964       -0.012031       -0.391720        0.691535
      68       -0.000879        0.004775       -0.391745        0.687618
      69       -0.001114       -0.017061       -0.391739        0.689557
      70       -0.000851        0.017305       -0.391740        0.689677
      71       -0.000874       -0.002529       -0.391715        0.691494
      72       -0.000756        0.007607       -0.391723        0.690935
      73       -0.000714        0.002305       -0.391738        0.688813
      74       -0.000561        0.010625       -0.391757        0.690415
      75       -0.000527        0.001973       -0.391701        0.688767
      76       -0.000420        0.007666       -0.391675        0.688588
      77       -0.000144        0.020771       -0.391663        0.687922
      78        0.000081        0.017402       -0.391663        0.689579
      79        0.000258        0.014131       -0.391655        0.689160
      80        0.000241       -0.001143       -0.391659        0.689668
      81        0.000102       -0.010967       -0.391677        0.691200
      82        0.000169        0.005576       -0.391689        0.693006
      83        0.000210        0.003525       -0.391676        0.697155
      84        0.000404        0.016572       -0.391703        0.697532
      85        0.000258       -0.012041       -0.391721        0.697859
      86        0.000100       -0.013369       -0.391737        0.699757
      87        0.000078       -0.001777       -0.391749        0.698944
      88       -0.000161       -0.020918       -0.391748        0.696617
      89       -0.000093        0.005850       -0.391734        0.697357
      90       -0.000202       -0.009922       -0.391740        0.694439
      91       -0.000156        0.003965       -0.391750        0.692896
      92       -0.000293       -0.012754       -0.391735        0.694706
      93       -0.000346       -0.005215       -0.391733        0.693593
      94       -0.000597       -0.023926       -0.391756        0.692147
      95       -0.000435        0.014814       -0.391733        0.690551
      96       -0.000643       -0.020449       -0.391703        0.691540
      97       -0.000453        0.017812       -0.391695        0.692064
      98       -0.000390        0.005693       -0.391683        0.692476
      99       -0.000290        0.009580       -0.391686        0.693022
     100       -0.000170        0.011660       -0.391633        0.691482
