 # dimension de la red :          64
 # acoplamiento spines :   1.00000000    
 # campo externo       :   0.00000000    
 #                     
 #paso,  <mag.total>,<mag.cadena>,energ,calor esp
 #                     
       1       -0.999385       -0.999385       -1.997559        0.010742
       2       -0.999282       -0.999180       -1.997207        0.015625
       3       -0.999287       -0.999297       -1.997213        0.017578
       4       -0.999290       -0.999297       -1.997217        0.016846
       5       -0.999283       -0.999258       -1.997187        0.020703
       6       -0.999308       -0.999434       -1.997282        0.019857
       7       -0.999301       -0.999258       -1.997266        0.019252
       8       -0.999254       -0.998926       -1.997087        0.021851
       9       -0.999252       -0.999238       -1.997081        0.021593
      10       -0.999260       -0.999326       -1.997115        0.020703
      11       -0.999252       -0.999180       -1.997091        0.021129
      12       -0.999246       -0.999180       -1.997067        0.021240
      13       -0.999249       -0.999277       -1.997072        0.020883
      14       -0.999251       -0.999277       -1.997080        0.020578
      15       -0.999253       -0.999277       -1.997084        0.021224
      16       -0.999261       -0.999395       -1.997117        0.020813
      17       -0.999257       -0.999180       -1.997097        0.020852
      18       -0.999260       -0.999316       -1.997108        0.020833
      19       -0.999254       -0.999141       -1.997084        0.021433
      20       -0.999257       -0.999316       -1.997093        0.021436
      21       -0.999255       -0.999229       -1.997086        0.021066
      22       -0.999255       -0.999248       -1.997088        0.020730
      23       -0.999252       -0.999180       -1.997079        0.020763
      24       -0.999256       -0.999346       -1.997094        0.020996
      25       -0.999257       -0.999297       -1.997098        0.020664
      26       -0.999258       -0.999277       -1.997102        0.020696
      27       -0.999253       -0.999111       -1.997081        0.020906
      28       -0.999254       -0.999277       -1.997083        0.020822
      29       -0.999256       -0.999326       -1.997092        0.020744
      30       -0.999256       -0.999268       -1.997092        0.020605
      31       -0.999257       -0.999277       -1.997095        0.020602
      32       -0.999261       -0.999365       -1.997108        0.020447
      33       -0.999258       -0.999170       -1.997097        0.020626
      34       -0.999254       -0.999131       -1.997081        0.021111
      35       -0.999260       -0.999453       -1.997103        0.020926
      36       -0.999258       -0.999180       -1.997095        0.020860
      37       -0.999262       -0.999434       -1.997114        0.020772
      38       -0.999260       -0.999180       -1.997106        0.020893
      39       -0.999261       -0.999277       -1.997109        0.021034
      40       -0.999261       -0.999277       -1.997111        0.020898
      41       -0.999261       -0.999258       -1.997110        0.020937
      42       -0.999262       -0.999307       -1.997115        0.021019
      43       -0.999267       -0.999453       -1.997132        0.020826
      44       -0.999265       -0.999219       -1.997126        0.020708
      45       -0.999265       -0.999258       -1.997126        0.020638
      46       -0.999265       -0.999277       -1.997127        0.020826
      47       -0.999265       -0.999238       -1.997127        0.020757
      48       -0.999266       -0.999307       -1.997130        0.020752
      49       -0.999266       -0.999268       -1.997131        0.020627
      50       -0.999266       -0.999297       -1.997132        0.020684
      51       -0.999268       -0.999346       -1.997137        0.020738
      52       -0.999268       -0.999268       -1.997137        0.020658
      53       -0.999268       -0.999277       -1.997137        0.020582
      54       -0.999268       -0.999287       -1.997137        0.020544
      55       -0.999266       -0.999131       -1.997127        0.020614
      56       -0.999267       -0.999307       -1.997130        0.020647
      57       -0.999268       -0.999316       -1.997133        0.020542
      58       -0.999268       -0.999268       -1.997132        0.020407
      59       -0.999269       -0.999365       -1.997138        0.020491
      60       -0.999268       -0.999180       -1.997132        0.020410
      61       -0.999268       -0.999268       -1.997133        0.020604
      62       -0.999267       -0.999209       -1.997129        0.020697
      63       -0.999266       -0.999238       -1.997128        0.020895
      64       -0.999268       -0.999346       -1.997132        0.020874
      65       -0.999267       -0.999209       -1.997129        0.020808
      66       -0.999267       -0.999316       -1.997131        0.020685
      67       -0.999268       -0.999297       -1.997133        0.020624
      68       -0.999267       -0.999238       -1.997130        0.020580
      69       -0.999268       -0.999316       -1.997132        0.020451
      70       -0.999266       -0.999111       -1.997125        0.020564
      71       -0.999266       -0.999258       -1.997124        0.020618
      72       -0.999268       -0.999453       -1.997135        0.020603
      73       -0.999269       -0.999336       -1.997138        0.020521
      74       -0.999269       -0.999238       -1.997137        0.020429
      75       -0.999271       -0.999424       -1.997145        0.020260
      76       -0.999271       -0.999297       -1.997146        0.020225
      77       -0.999273       -0.999375       -1.997151        0.020280
      78       -0.999272       -0.999268       -1.997152        0.020333
      79       -0.999274       -0.999355       -1.997156        0.020298
      80       -0.999275       -0.999385       -1.997161        0.020227
      81       -0.999275       -0.999268       -1.997161        0.020158
      82       -0.999275       -0.999316       -1.997163        0.020067
      83       -0.999277       -0.999414       -1.997169        0.019908
      84       -0.999277       -0.999287       -1.997169        0.019834
      85       -0.999279       -0.999404       -1.997175        0.019818
      86       -0.999277       -0.999170       -1.997171        0.019861
      87       -0.999275       -0.999092       -1.997161        0.019969
      88       -0.999277       -0.999453       -1.997169        0.019964
      89       -0.999278       -0.999355       -1.997172        0.019915
      90       -0.999278       -0.999248       -1.997171        0.019944
      91       -0.999278       -0.999346       -1.997173        0.019907
      92       -0.999278       -0.999238       -1.997172        0.019956
      93       -0.999279       -0.999404       -1.997177        0.019941
      94       -0.999279       -0.999277       -1.997177        0.019874
      95       -0.999278       -0.999199       -1.997174        0.019860
      96       -0.999278       -0.999248       -1.997173        0.019867
      97       -0.999279       -0.999395       -1.997177        0.019783
      98       -0.999280       -0.999297       -1.997179        0.019780
      99       -0.999280       -0.999316       -1.997180        0.019719
     100       -0.999279       -0.999199       -1.997177        0.019785
