 # dimension de la red :          64
 # acoplamiento spines :  0.705555558    
 # campo externo       :   0.00000000    
 #                     
 #paso,  <mag.total>,<mag.cadena>,energ,calor esp
 #                     
       1       -0.990547       -0.990547       -1.386555        0.137207
       2       -0.990547       -0.990547       -1.386541        0.135254
       3       -0.990638       -0.990820       -1.386747        0.130534
       4       -0.990679       -0.990801       -1.386858        0.140625
       5       -0.990658       -0.990576       -1.386789        0.146973
       6       -0.990689       -0.990840       -1.386888        0.142578
       7       -0.990675       -0.990596       -1.386830        0.144880
       8       -0.990613       -0.990176       -1.386668        0.150513
       9       -0.990561       -0.990146       -1.386505        0.144586
      10       -0.990615       -0.991104       -1.386658        0.145654
      11       -0.990565       -0.990059       -1.386537        0.147061
      12       -0.990558       -0.990488       -1.386522        0.149455
      13       -0.990540       -0.990322       -1.386455        0.147536
      14       -0.990559       -0.990811       -1.386507        0.148228
      15       -0.990559       -0.990557       -1.386492        0.150814
      16       -0.990588       -0.991016       -1.386572        0.149292
      17       -0.990592       -0.990664       -1.386594        0.148667
      18       -0.990571       -0.990215       -1.386538        0.150174
      19       -0.990578       -0.990703       -1.386551        0.153552
      20       -0.990594       -0.990889       -1.386593        0.152881
      21       -0.990605       -0.990830       -1.386609        0.151367
      22       -0.990600       -0.990488       -1.386595        0.149769
      23       -0.990613       -0.990918       -1.386635        0.147992
      24       -0.990650       -0.991494       -1.386741        0.148234
      25       -0.990657       -0.990820       -1.386765        0.149551
      26       -0.990676       -0.991143       -1.386816        0.149921
      27       -0.990653       -0.990078       -1.386755        0.150933
      28       -0.990669       -0.991094       -1.386792        0.150931
      29       -0.990662       -0.990459       -1.386772        0.150441
      30       -0.990677       -0.991113       -1.386807        0.149593
      31       -0.990701       -0.991426       -1.386858        0.148989
      32       -0.990702       -0.990713       -1.386874        0.148941
      33       -0.990699       -0.990625       -1.386866        0.147683
      34       -0.990700       -0.990742       -1.386867        0.148165
      35       -0.990705       -0.990859       -1.386888        0.147238
      36       -0.990704       -0.990674       -1.386887        0.145426
      37       -0.990712       -0.990996       -1.386909        0.145693
      38       -0.990718       -0.990937       -1.386931        0.146921
      39       -0.990707       -0.990303       -1.386904        0.147586
      40       -0.990699       -0.990391       -1.386880        0.149817
      41       -0.990703       -0.990830       -1.386890        0.150510
      42       -0.990697       -0.990469       -1.386882        0.151937
      43       -0.990707       -0.991133       -1.386908        0.152060
      44       -0.990709       -0.990811       -1.386910        0.150579
      45       -0.990692       -0.989941       -1.386872        0.149978
      46       -0.990686       -0.990381       -1.386851        0.150338
      47       -0.990678       -0.990332       -1.386836        0.149882
      48       -0.990675       -0.990547       -1.386832        0.149658
      49       -0.990669       -0.990342       -1.386819        0.149823
      50       -0.990667       -0.990576       -1.386813        0.149443
      51       -0.990654       -0.990020       -1.386790        0.149644
      52       -0.990662       -0.991064       -1.386804        0.150325
      53       -0.990663       -0.990732       -1.386805        0.150492
      54       -0.990657       -0.990322       -1.386792        0.150020
      55       -0.990651       -0.990303       -1.386780        0.149964
      56       -0.990651       -0.990674       -1.386782        0.149972
      57       -0.990649       -0.990527       -1.386782        0.150896
      58       -0.990642       -0.990254       -1.386769        0.150298
      59       -0.990644       -0.990762       -1.386775        0.149935
      60       -0.990643       -0.990566       -1.386773        0.149015
      61       -0.990639       -0.990420       -1.386764        0.148421
      62       -0.990636       -0.990469       -1.386762        0.147634
      63       -0.990643       -0.991045       -1.386778        0.147329
      64       -0.990649       -0.991035       -1.386791        0.147110
      65       -0.990645       -0.990371       -1.386779        0.147701
      66       -0.990644       -0.990605       -1.386778        0.147513
      67       -0.990641       -0.990439       -1.386769        0.147461
      68       -0.990643       -0.990762       -1.386773        0.147210
      69       -0.990645       -0.990811       -1.386778        0.147815
      70       -0.990651       -0.991084       -1.386794        0.147810
      71       -0.990649       -0.990508       -1.386786        0.148080
      72       -0.990648       -0.990508       -1.386781        0.148132
      73       -0.990652       -0.990977       -1.386791        0.147695
      74       -0.990656       -0.990977       -1.386803        0.147811
      75       -0.990658       -0.990762       -1.386804        0.147611
      76       -0.990663       -0.991074       -1.386817        0.147146
      77       -0.990670       -0.991221       -1.386835        0.146351
      78       -0.990665       -0.990264       -1.386823        0.145783
      79       -0.990660       -0.990273       -1.386811        0.145650
      80       -0.990666       -0.991104       -1.386828        0.145642
      81       -0.990663       -0.990469       -1.386822        0.145640
      82       -0.990665       -0.990791       -1.386822        0.145669
      83       -0.990670       -0.991045       -1.386832        0.145761
      84       -0.990676       -0.991250       -1.386847        0.146397
      85       -0.990678       -0.990791       -1.386851        0.146617
      86       -0.990671       -0.990068       -1.386835        0.146649
      87       -0.990667       -0.990342       -1.386825        0.147018
      88       -0.990670       -0.990967       -1.386834        0.146407
      89       -0.990667       -0.990361       -1.386827        0.146183
      90       -0.990666       -0.990625       -1.386826        0.146153
      91       -0.990670       -0.991025       -1.386835        0.146409
      92       -0.990668       -0.990420       -1.386830        0.146845
      93       -0.990666       -0.990508       -1.386827        0.147587
      94       -0.990671       -0.991152       -1.386839        0.147487
      95       -0.990663       -0.989932       -1.386822        0.148376
      96       -0.990662       -0.990586       -1.386820        0.148504
      97       -0.990662       -0.990635       -1.386817        0.148432
      98       -0.990662       -0.990703       -1.386819        0.148039
      99       -0.990658       -0.990234       -1.386806        0.148132
     100       -0.990656       -0.990420       -1.386800        0.148047
