 # dimension de la red :          64
 # acoplamiento spines :  0.444444448    
 # campo externo       :   0.00000000    
 #                     
 #paso,  <mag.total>,<mag.cadena>,energ,calor esp
 #                     
       1       -0.708418       -0.708418       -0.652639        1.735107
       2       -0.675815       -0.643213       -0.649562        1.669739
       3       -0.667904       -0.652080       -0.649074        1.740682
       4       -0.670227       -0.677197       -0.648381        1.657593
       5       -0.676215       -0.700166       -0.649299        1.610205
       6       -0.680099       -0.699521       -0.649897        1.665588
       7       -0.684081       -0.707969       -0.650505        1.603149
       8       -0.576644        0.175410       -0.651015        1.575943
       9       -0.432591        0.719834       -0.652060        1.521634
      10       -0.319300        0.700322       -0.652695        1.539478
      11       -0.228689        0.677422       -0.652412        1.621560
      12       -0.150453        0.710137       -0.652439        1.565063
      13       -0.092760        0.599561       -0.651682        1.646268
      14       -0.036941        0.688711       -0.651659        1.629333
      15        0.009853        0.664961       -0.651326        1.686825
      16        0.051559        0.677158       -0.651233        1.739998
      17        0.089007        0.688174       -0.651397        1.778385
      18        0.119659        0.640732       -0.651146        1.850810
      19        0.150217        0.700273       -0.651053        1.829468
      20        0.178458        0.715039       -0.651369        1.813757
      21        0.199636        0.623184       -0.651238        1.853766
      22        0.172097       -0.406211       -0.651064        1.859625
      23        0.134107       -0.701689       -0.651273        1.867522
      24        0.099519       -0.696006       -0.651328        1.864980
      25        0.068451       -0.677178       -0.651254        1.838882
      26        0.039343       -0.688340       -0.651316        1.840576
      27        0.012747       -0.678760       -0.651405        1.836552
      28       -0.012846       -0.703867       -0.651525        1.827166
      29       -0.010331        0.060098       -0.651324        1.843809
      30        0.011173        0.634785       -0.651225        1.842814
      31        0.033727        0.710342       -0.651419        1.857800
      32        0.054738        0.706094       -0.651449        1.843704
      33        0.074532        0.707930       -0.651521        1.844305
      34        0.090990        0.634111       -0.651237        1.855824
      35        0.108431        0.701426       -0.651358        1.865395
      36        0.124590        0.690166       -0.651419        1.862342
      37        0.127355        0.226885       -0.651497        1.872658
      38        0.105880       -0.688701       -0.651435        1.874778
      39        0.085005       -0.708252       -0.651504        1.876164
      40        0.065826       -0.682139       -0.651578        1.893134
      41        0.047581       -0.682236       -0.651484        1.891304
      42        0.029445       -0.714102       -0.651488        1.885344
      43        0.012841       -0.684541       -0.651497        1.880902
      44       -0.002775       -0.674248       -0.651387        1.877771
      45       -0.018094       -0.692139       -0.651330        1.883116
      46       -0.032236       -0.668623       -0.651272        1.878362
      47       -0.044907       -0.627803       -0.651055        1.884264
      48       -0.058564       -0.700420       -0.651026        1.886375
      49       -0.071547       -0.694717       -0.650983        1.887436
      50       -0.076595       -0.323945       -0.650965        1.896213
      51       -0.061131        0.712070       -0.651039        1.898636
      52       -0.047951        0.624209       -0.650936        1.894228
      53       -0.033571        0.714180       -0.650958        1.886631
      54       -0.020372        0.679180       -0.650940        1.885132
      55       -0.007353        0.695684       -0.650916        1.886521
      56        0.004904        0.679043       -0.650908        1.886993
      57        0.017233        0.707646       -0.650938        1.888770
      58        0.028862        0.691699       -0.650927        1.889451
      59        0.039674        0.666777       -0.650896        1.895264
      60        0.050504        0.689492       -0.650883        1.898474
      61        0.061598        0.727217       -0.650970        1.890667
      62        0.072023        0.707949       -0.650982        1.885532
      63        0.081308        0.657002       -0.650876        1.887680
      64        0.090697        0.682207       -0.650879        1.894920
      65        0.100004        0.695625       -0.650898        1.891209
      66        0.108905        0.687461       -0.650965        1.895388
      67        0.111320        0.270752       -0.650934        1.896836
      68        0.099630       -0.683652       -0.650930        1.904839
      69        0.099104        0.063359       -0.650838        1.908184
      70        0.107626        0.695664       -0.650855        1.901847
      71        0.109921        0.270557       -0.650816        1.912902
      72        0.100426       -0.573750       -0.650691        1.918070
      73        0.089758       -0.678340       -0.650654        1.908477
      74        0.090362        0.134463       -0.650591        1.918549
      75        0.098274        0.683789       -0.650566        1.913646
      76        0.105621        0.656650       -0.650504        1.916880
      77        0.113545        0.715742       -0.650545        1.911891
      78        0.120978        0.693320       -0.650535        1.912643
      79        0.114846       -0.363398       -0.650486        1.925364
      80        0.106728       -0.534619       -0.650419        1.941805
      81        0.096734       -0.702812       -0.650469        1.942470
      82        0.087131       -0.690723       -0.650483        1.941315
      83        0.077634       -0.701064       -0.650509        1.943418
      84        0.068303       -0.706211       -0.650598        1.937929
      85        0.070633        0.266328       -0.650489        1.935321
      86        0.077871        0.693164       -0.650481        1.934580
      87        0.084655        0.668066       -0.650469        1.931622
      88        0.091466        0.684053       -0.650525        1.927382
      89        0.098309        0.700449       -0.650516        1.922764
      90        0.105136        0.712695       -0.650581        1.915221
      91        0.110927        0.632187       -0.650533        1.908221
      92        0.117209        0.688887       -0.650563        1.907731
      93        0.119622        0.341611       -0.650620        1.912078
      94        0.110902       -0.700137       -0.650627        1.910074
      95        0.102562       -0.681348       -0.650614        1.907616
      96        0.093926       -0.726455       -0.650689        1.900749
      97        0.086580       -0.618652       -0.650629        1.905198
      98        0.078578       -0.697607       -0.650636        1.908328
      99        0.070865       -0.685088       -0.650642        1.909298
     100        0.063082       -0.707373       -0.650654        1.910662
