 # dimension de la red :          64
 # acoplamiento spines :  0.457777768    
 # campo externo       :   0.00000000    
 #                     
 #paso,  <mag.total>,<mag.cadena>,energ,calor esp
 #                     
       1       -0.798584       -0.798584       -0.713722        0.798584
       2       -0.797012       -0.795439       -0.714920        1.101685
       3       -0.801410       -0.810205       -0.716351        1.128988
       4       -0.802307       -0.805000       -0.715895        1.141602
       5       -0.803031       -0.805928       -0.716369        1.153760
       6       -0.801654       -0.794766       -0.716260        1.164591
       7       -0.801518       -0.800703       -0.716303        1.140206
       8       -0.802382       -0.808428       -0.716935        1.127350
       9       -0.802591       -0.804268       -0.717356        1.144233
      10       -0.802864       -0.805322       -0.717405        1.135229
      11       -0.803584       -0.810781       -0.717464        1.178001
      12       -0.803290       -0.800059       -0.717304        1.153931
      13       -0.803568       -0.806904       -0.717304        1.143799
      14       -0.804248       -0.813086       -0.717574        1.144270
      15       -0.804042       -0.801162       -0.717419        1.175293
      16       -0.803049       -0.788154       -0.717208        1.217834
      17       -0.803084       -0.803633       -0.717420        1.227352
      18       -0.802344       -0.789766       -0.717305        1.254001
      19       -0.801924       -0.794365       -0.717028        1.252801
      20       -0.801606       -0.795566       -0.717070        1.251086
      21       -0.801518       -0.799766       -0.717037        1.247675
      22       -0.801490       -0.800898       -0.717021        1.274436
      23       -0.801494       -0.801582       -0.717183        1.287247
      24       -0.801447       -0.800371       -0.717240        1.285807
      25       -0.801215       -0.795635       -0.717187        1.291621
      26       -0.801226       -0.801504       -0.717214        1.315186
      27       -0.801310       -0.803506       -0.717274        1.296956
      28       -0.801401       -0.803848       -0.717325        1.309945
      29       -0.801491       -0.804023       -0.717236        1.302002
      30       -0.801649       -0.806211       -0.717301        1.302393
      31       -0.802022       -0.813213       -0.717515        1.307987
      32       -0.801606       -0.788730       -0.717460        1.308762
      33       -0.801614       -0.801865       -0.717438        1.309200
      34       -0.801498       -0.797666       -0.717365        1.315444
      35       -0.801369       -0.796973       -0.717340        1.323514
      36       -0.801517       -0.806709       -0.717423        1.319655
      37       -0.801515       -0.801426       -0.717400        1.313305
      38       -0.801712       -0.809014       -0.717441        1.325722
      39       -0.801872       -0.807969       -0.717457        1.335506
      40       -0.802003       -0.807100       -0.717586        1.331342
      41       -0.801796       -0.793525       -0.717465        1.331269
      42       -0.801573       -0.792422       -0.717366        1.341489
      43       -0.801691       -0.806641       -0.717395        1.339480
      44       -0.801597       -0.797539       -0.717320        1.342341
      45       -0.801511       -0.797725       -0.717269        1.338791
      46       -0.801770       -0.813428       -0.717369        1.334584
      47       -0.801582       -0.792959       -0.717251        1.340431
      48       -0.801555       -0.800283       -0.717168        1.343923
      49       -0.801568       -0.802188       -0.717126        1.348792
      50       -0.801712       -0.808779       -0.717180        1.363472
      51       -0.801884       -0.810479       -0.717200        1.358221
      52       -0.801762       -0.795547       -0.717204        1.354887
      53       -0.801829       -0.805313       -0.717183        1.347688
      54       -0.802024       -0.812324       -0.717248        1.345884
      55       -0.801878       -0.794014       -0.717180        1.345388
      56       -0.801967       -0.806846       -0.717222        1.349409
      57       -0.802005       -0.804160       -0.717201        1.351811
      58       -0.802225       -0.814736       -0.717236        1.355650
      59       -0.802241       -0.803203       -0.717244        1.354236
      60       -0.802228       -0.801455       -0.717218        1.355221
      61       -0.802263       -0.804365       -0.717210        1.353944
      62       -0.802317       -0.805576       -0.717228        1.343640
      63       -0.802208       -0.795449       -0.717180        1.342157
      64       -0.802252       -0.805049       -0.717175        1.338715
      65       -0.802187       -0.798008       -0.717158        1.341823
      66       -0.802339       -0.812256       -0.717262        1.341494
      67       -0.802535       -0.815439       -0.717296        1.334484
      68       -0.802517       -0.801299       -0.717306        1.334257
      69       -0.802493       -0.800898       -0.717302        1.335669
      70       -0.802428       -0.797881       -0.717272        1.334044
      71       -0.802460       -0.804746       -0.717286        1.337169
      72       -0.802429       -0.800225       -0.717274        1.333513
      73       -0.802545       -0.810918       -0.717316        1.329493
      74       -0.802616       -0.807773       -0.717341        1.334892
      75       -0.802560       -0.798418       -0.717301        1.341803
      76       -0.802392       -0.789824       -0.717233        1.343548
      77       -0.802527       -0.812783       -0.717283        1.341401
      78       -0.802513       -0.801426       -0.717262        1.338733
      79       -0.802594       -0.808916       -0.717253        1.334751
      80       -0.802489       -0.794189       -0.717264        1.339740
      81       -0.802379       -0.793516       -0.717258        1.342255
      82       -0.802457       -0.808799       -0.717254        1.337715
      83       -0.802462       -0.802920       -0.717269        1.340064
      84       -0.802488       -0.804648       -0.717296        1.342207
      85       -0.802538       -0.806738       -0.717311        1.341604
      86       -0.802572       -0.805469       -0.717306        1.339134
      87       -0.802487       -0.795146       -0.717266        1.349062
      88       -0.802484       -0.802197       -0.717281        1.347060
      89       -0.802393       -0.794414       -0.717229        1.349431
      90       -0.802377       -0.800928       -0.717234        1.349482
      91       -0.802408       -0.805166       -0.717212        1.344939
      92       -0.802440       -0.805391       -0.717217        1.346284
      93       -0.802525       -0.810371       -0.717250        1.345241
      94       -0.802561       -0.805859       -0.717247        1.343134
      95       -0.802457       -0.792715       -0.717197        1.345976
      96       -0.802504       -0.806914       -0.717220        1.342784
      97       -0.802619       -0.813750       -0.717241        1.339111
      98       -0.802634       -0.804053       -0.717253        1.343678
      99       -0.802675       -0.806689       -0.717252        1.344066
     100       -0.802669       -0.802109       -0.717229        1.340832
