 # dimension de la red :          64
 # acoplamiento spines :  0.289999992    
 # campo externo       :   0.00000000    
 #                     
 #paso,  <mag.total>,<mag.cadena>,energ,calor esp
 #                     
       1       -0.005967       -0.005967       -0.195405        0.262283
       2       -0.003652       -0.001338       -0.196180        0.293823
       3       -0.002620       -0.000557       -0.195465        0.267044
       4       -0.000378        0.006348       -0.195539        0.268768
       5        0.001355        0.008291       -0.195259        0.265979
       6       -0.001800       -0.017578       -0.195729        0.259471
       7       -0.002931       -0.009717       -0.195861        0.263282
       8       -0.002725       -0.001279       -0.195729        0.264317
       9       -0.001775        0.005820       -0.195843        0.266374
      10       -0.001596        0.000020       -0.195777        0.266972
      11       -0.001173        0.003057       -0.195671        0.268455
      12       -0.000522        0.006631       -0.195702        0.270926
      13       -0.000401        0.001055       -0.195716        0.269178
      14       -0.000979       -0.008486       -0.195701        0.275115
      15       -0.000826        0.001318       -0.195822        0.276700
      16       -0.000850       -0.001221       -0.195814        0.269556
      17       -0.000635        0.002813       -0.195774        0.267607
      18       -0.000553        0.000840       -0.195766        0.267804
      19       -0.000402        0.002305       -0.195748        0.270468
      20       -0.000540       -0.003154       -0.195739        0.267107
      21       -0.000505        0.000195       -0.195665        0.268991
      22       -0.000590       -0.002383       -0.195642        0.265675
      23       -0.000248        0.007295       -0.195735        0.267602
      24        0.000175        0.009902       -0.195694        0.266898
      25        0.000580        0.010303       -0.195709        0.265632
      26        0.000856        0.007734       -0.195639        0.263906
      27        0.000686       -0.003721       -0.195632        0.262508
      28        0.000562       -0.002783       -0.195643        0.264337
      29        0.000260       -0.008193       -0.195555        0.264778
      30        0.000111       -0.004209       -0.195516        0.262740
      31       -0.000021       -0.003984       -0.195511        0.260478
      32        0.000021        0.001309       -0.195498        0.258322
      33        0.000084        0.002100       -0.195519        0.259050
      34        0.000357        0.009375       -0.195552        0.260368
      35        0.000397        0.001768       -0.195508        0.259645
      36        0.000376       -0.000381       -0.195535        0.256939
      37        0.000414        0.001777       -0.195498        0.255925
      38        0.000527        0.004707       -0.195502        0.255164
      39        0.000466       -0.001846       -0.195498        0.255525
      40        0.000699        0.009795       -0.195477        0.255838
      41        0.000903        0.009072       -0.195457        0.255578
      42        0.000995        0.004775       -0.195459        0.254478
      43        0.000932       -0.001719       -0.195462        0.253463
      44        0.001049        0.006084       -0.195433        0.252281
      45        0.000898       -0.005771       -0.195443        0.252722
      46        0.000800       -0.003584       -0.195426        0.253349
      47        0.000711       -0.003398       -0.195447        0.255259
      48        0.000629       -0.003213       -0.195406        0.254367
      49        0.000519       -0.004785       -0.195392        0.255572
      50        0.000487       -0.001055       -0.195399        0.255657
      51        0.000304       -0.008877       -0.195415        0.254285
      52        0.000292       -0.000283       -0.195434        0.254375
      53        0.000181       -0.005596       -0.195444        0.253258
      54        0.000184        0.000332       -0.195451        0.254750
      55        0.000303        0.006738       -0.195458        0.255124
      56        0.000332        0.001885       -0.195423        0.256191
      57        0.000292       -0.001943       -0.195425        0.255432
      58        0.000303        0.000937       -0.195420        0.254562
      59        0.000341        0.002559       -0.195435        0.255395
      60        0.000334       -0.000088       -0.195424        0.255738
      61        0.000433        0.006357       -0.195416        0.255443
      62        0.000228       -0.012236       -0.195410        0.255941
      63        0.000194       -0.001924       -0.195392        0.257104
      64        0.000197        0.000371       -0.195393        0.258143
      65        0.000219        0.001641       -0.195415        0.258720
      66        0.000158       -0.003828       -0.195416        0.258372
      67        0.000165        0.000615       -0.195417        0.259640
      68        0.000151       -0.000742       -0.195389        0.260034
      69        0.000191        0.002881       -0.195390        0.259924
      70        0.000106       -0.005723       -0.195400        0.259294
      71        0.000214        0.007773       -0.195406        0.260638
      72        0.000207       -0.000332       -0.195366        0.260635
      73        0.000168       -0.002646       -0.195364        0.261516
      74        0.000185        0.001484       -0.195335        0.261907
      75        0.000177       -0.000449       -0.195318        0.261411
      76        0.000213        0.002939       -0.195343        0.261372
      77        0.000124       -0.006641       -0.195354        0.259980
      78        0.000104       -0.001494       -0.195344        0.259575
      79       -0.000129       -0.018291       -0.195325        0.260824
      80       -0.000191       -0.005098       -0.195319        0.261061
      81       -0.000181        0.000674       -0.195306        0.261012
      82       -0.000123        0.004570       -0.195310        0.261802
      83       -0.000141       -0.001621       -0.195309        0.261753
      84       -0.000165       -0.002158       -0.195334        0.261669
      85       -0.000130        0.002793       -0.195325        0.261412
      86       -0.000221       -0.007930       -0.195333        0.261360
      87       -0.000425       -0.018027       -0.195305        0.261905
      88       -0.000372        0.004297       -0.195300        0.261985
      89       -0.000418       -0.004463       -0.195295        0.261774
      90       -0.000351        0.005557       -0.195282        0.261050
      91       -0.000413       -0.005957       -0.195288        0.262022
      92       -0.000343        0.006006       -0.195276        0.261595
      93       -0.000362       -0.002119       -0.195289        0.261226
      94       -0.000453       -0.008848       -0.195286        0.260879
      95       -0.000440        0.000752       -0.195282        0.259974
      96       -0.000501       -0.006289       -0.195260        0.260408
      97       -0.000504       -0.000830       -0.195277        0.260478
      98       -0.000644       -0.014238       -0.195274        0.260327
      99       -0.000644       -0.000645       -0.195279        0.261172
     100       -0.000661       -0.002314       -0.195264        0.261075
