 # dimension de la red :          64
 # acoplamiento spines :  0.442222208    
 # campo externo       :   0.00000000    
 #                     
 #paso,  <mag.total>,<mag.cadena>,energ,calor esp
 #                     
       1       -0.644131       -0.644131       -0.636524        1.564331
       2       -0.640801       -0.637471       -0.637219        1.586243
       3       -0.653359       -0.678477       -0.639262        1.570028
       4       -0.652952       -0.651729       -0.637964        1.546265
       5       -0.648924       -0.632812       -0.637223        1.553345
       6       -0.651003       -0.661397       -0.637477        1.634033
       7       -0.652924       -0.664453       -0.637936        1.665248
       8       -0.626700       -0.443135       -0.638539        1.650726
       9       -0.481635        0.678887       -0.639177        1.577718
      10       -0.368097        0.653750       -0.639277        1.588098
      11       -0.279768        0.603516       -0.638771        1.736472
      12       -0.296396       -0.479297       -0.638651        1.699809
      13       -0.323316       -0.646357       -0.638424        1.643245
      14       -0.347675       -0.664346       -0.638632        1.601257
      15       -0.360699       -0.543037       -0.637749        1.702002
      16       -0.376779       -0.617979       -0.637620        1.702393
      17       -0.391917       -0.634131       -0.637689        1.728214
      18       -0.385710       -0.280176       -0.637164        1.836487
      19       -0.329611        0.680156       -0.637216        1.840833
      20       -0.278822        0.686172       -0.637621        1.815179
      21       -0.234766        0.646357       -0.637622        1.803147
      22       -0.193563        0.671699       -0.637575        1.805059
      23       -0.157453        0.636973       -0.637704        1.824468
      24       -0.155210       -0.103613       -0.637303        1.836029
      25       -0.175909       -0.672695       -0.637493        1.813320
      26       -0.194008       -0.646475       -0.637442        1.808429
      27       -0.211247       -0.659473       -0.637570        1.804692
      28       -0.209745       -0.169189       -0.637158        1.812531
      29       -0.180393        0.641465       -0.637132        1.850005
      30       -0.151933        0.673418       -0.637285        1.838550
      31       -0.124741        0.691016       -0.637540        1.856666
      32       -0.102385        0.590654       -0.637389        1.884701
      33       -0.079144        0.664551       -0.637496        1.884662
      34       -0.058559        0.620762       -0.637260        1.882741
      35       -0.038007        0.660762       -0.637323        1.902536
      36       -0.029762        0.258818       -0.637195        1.925378
      37       -0.010281        0.691025       -0.637332        1.929186
      38       -0.006591        0.129932       -0.637216        1.955682
      39       -0.020048       -0.531406       -0.637077        1.967582
      40       -0.002681        0.674609       -0.637271        1.971533
      41        0.013609        0.665215       -0.637276        1.964692
      42        0.029202        0.668516       -0.637252        1.973711
      43        0.042801        0.613955       -0.637233        1.981059
      44        0.049447        0.335234       -0.636927        1.981803
      45        0.046002       -0.105586       -0.636846        2.002091
      46        0.031099       -0.639531       -0.636883        2.018491
      47        0.017291       -0.617871       -0.636790        2.008296
      48        0.003916       -0.624727       -0.636678        2.019376
      49       -0.009101       -0.633916       -0.636628        2.017630
      50       -0.021833       -0.645674       -0.636630        2.020286
      51       -0.033960       -0.640322       -0.636577        2.019811
      52       -0.045935       -0.656650       -0.636646        2.014069
      53       -0.057377       -0.652344       -0.636622        2.013416
      54       -0.066567       -0.553643       -0.636586        2.007453
      55       -0.053483        0.653027       -0.636575        2.013694
      56       -0.041011        0.644932       -0.636594        2.020475
      57       -0.028774        0.656504       -0.636609        2.025254
      58       -0.017404        0.630723       -0.636601        2.021392
      59       -0.027262       -0.599063       -0.636595        2.036520
      60       -0.037414       -0.636367       -0.636544        2.043374
      61       -0.047108       -0.628730       -0.636516        2.036491
      62       -0.056950       -0.657344       -0.636529        2.031738
      63       -0.062719       -0.420361       -0.636402        2.024709
      64       -0.051399        0.661729       -0.636465        2.027161
      65       -0.040537        0.654619       -0.636466        2.032304
      66       -0.029927        0.659746       -0.636625        2.039912
      67       -0.029242        0.015967       -0.636620        2.036574
      68       -0.038605       -0.665918       -0.636675        2.037872
      69       -0.047094       -0.624316       -0.636657        2.044181
      70       -0.052675       -0.437773       -0.636531        2.052639
      71       -0.048208        0.264453       -0.636617        2.048407
      72       -0.039280        0.594648       -0.636506        2.054999
      73       -0.034733        0.292598       -0.636388        2.054815
      74       -0.043129       -0.655996       -0.636401        2.055656
      75       -0.045368       -0.211074       -0.636253        2.058864
      76       -0.036497        0.628799       -0.636214        2.054765
      77       -0.027266        0.674297       -0.636254        2.052680
      78       -0.018585        0.649854       -0.636252        2.054979
      79       -0.012209        0.485146       -0.636172        2.053090
      80       -0.020214       -0.652617       -0.636213        2.053818
      81       -0.027965       -0.648086       -0.636251        2.056067
      82       -0.035835       -0.673242       -0.636289        2.050012
      83       -0.043431       -0.666357       -0.636340        2.055994
      84       -0.050831       -0.664961       -0.636397        2.062693
      85       -0.058256       -0.681992       -0.636452        2.056556
      86       -0.060704       -0.268779       -0.636448        2.058866
      87       -0.052646        0.640303       -0.636452        2.069393
      88       -0.044726        0.644326       -0.636494        2.067287
      89       -0.036754        0.664785       -0.636522        2.065976
      90       -0.028788        0.680205       -0.636580        2.062172
      91       -0.021480        0.636260       -0.636563        2.058418
      92       -0.014367        0.632910       -0.636559        2.057161
      93       -0.007321        0.640918       -0.636622        2.061051
      94       -0.000102        0.671201       -0.636659        2.056816
      95        0.007011        0.675654       -0.636677        2.058742
      96        0.013899        0.668301       -0.636708        2.056085
      97        0.020427        0.647061       -0.636714        2.054755
      98        0.016630       -0.351689       -0.636688        2.064537
      99        0.023064        0.653652       -0.636684        2.065390
     100        0.029430        0.659678       -0.636695        2.064891
