 # dimension de la red :          64
 # acoplamiento spines :  0.823333323    
 # campo externo       :   0.00000000    
 #                     
 #paso,  <mag.total>,<mag.cadena>,energ,calor esp
 #                     
       1       -0.996846       -0.996846       -1.636906        0.080078
       2       -0.996714       -0.996582       -1.636423        0.075684
       3       -0.996803       -0.996982       -1.636675        0.075846
       4       -0.996824       -0.996885       -1.636709        0.070801
       5       -0.996789       -0.996650       -1.636581        0.075195
       6       -0.996807       -0.996895       -1.636627        0.071777
       7       -0.996787       -0.996670       -1.636566        0.071568
       8       -0.996737       -0.996387       -1.636409        0.072998
       9       -0.996733       -0.996699       -1.636393        0.071940
      10       -0.996763       -0.997031       -1.636492        0.072168
      11       -0.996748       -0.996602       -1.636441        0.073153
      12       -0.996720       -0.996406       -1.636351        0.074382
      13       -0.996713       -0.996641       -1.636326        0.073167
      14       -0.996725       -0.996875       -1.636371        0.074707
      15       -0.996732       -0.996826       -1.636392        0.075781
      16       -0.996742       -0.996904       -1.636421        0.075317
      17       -0.996731       -0.996553       -1.636387        0.074851
      18       -0.996737       -0.996836       -1.636405        0.074599
      19       -0.996730       -0.996602       -1.636379        0.077148
      20       -0.996744       -0.997012       -1.636419        0.076611
      21       -0.996738       -0.996611       -1.636398        0.076079
      22       -0.996727       -0.996504       -1.636366        0.075817
      23       -0.996721       -0.996582       -1.636348        0.074983
      24       -0.996744       -0.997285       -1.636425        0.074463
      25       -0.996747       -0.996807       -1.636428        0.074531
      26       -0.996754       -0.996924       -1.636445        0.074407
      27       -0.996739       -0.996357       -1.636395        0.074689
      28       -0.996743       -0.996846       -1.636403        0.075370
      29       -0.996743       -0.996738       -1.636400        0.075498
      30       -0.996746       -0.996855       -1.636410        0.074967
      31       -0.996756       -0.997051       -1.636444        0.074061
      32       -0.996759       -0.996855       -1.636456        0.074097
      33       -0.996756       -0.996641       -1.636444        0.073804
      34       -0.996754       -0.996709       -1.636440        0.073845
      35       -0.996760       -0.996973       -1.636462        0.073661
      36       -0.996751       -0.996416       -1.636432        0.073079
      37       -0.996756       -0.996953       -1.636451        0.073295
      38       -0.996754       -0.996660       -1.636450        0.073628
      39       -0.996757       -0.996875       -1.636460        0.074069
      40       -0.996754       -0.996650       -1.636450        0.074829
      41       -0.996757       -0.996875       -1.636458        0.075100
      42       -0.996753       -0.996582       -1.636448        0.075056
      43       -0.996763       -0.997178       -1.636477        0.075173
      44       -0.996769       -0.997031       -1.636492        0.074618
      45       -0.996759       -0.996309       -1.636466        0.074023
      46       -0.996750       -0.996338       -1.636437        0.074049
      47       -0.996748       -0.996680       -1.636436        0.074094
      48       -0.996741       -0.996396       -1.636413        0.074015
      49       -0.996740       -0.996680       -1.636408        0.073960
      50       -0.996740       -0.996748       -1.636409        0.074102
      51       -0.996732       -0.996357       -1.636386        0.074506
      52       -0.996734       -0.996826       -1.636392        0.074425
      53       -0.996734       -0.996758       -1.636391        0.074514
      54       -0.996730       -0.996484       -1.636382        0.074599
      55       -0.996724       -0.996426       -1.636364        0.074219
      56       -0.996731       -0.997109       -1.636384        0.074062
      57       -0.996731       -0.996709       -1.636384        0.074253
      58       -0.996726       -0.996436       -1.636369        0.074084
      59       -0.996728       -0.996836       -1.636374        0.073788
      60       -0.996728       -0.996777       -1.636378        0.073519
      61       -0.996728       -0.996689       -1.636374        0.073290
      62       -0.996728       -0.996748       -1.636378        0.073116
      63       -0.996729       -0.996797       -1.636381        0.073304
      64       -0.996736       -0.997178       -1.636400        0.073410
      65       -0.996731       -0.996426       -1.636385        0.073422
      66       -0.996732       -0.996777       -1.636390        0.073316
      67       -0.996730       -0.996611       -1.636385        0.073315
      68       -0.996730       -0.996670       -1.636381        0.073213
      69       -0.996732       -0.996875       -1.636384        0.073030
      70       -0.996733       -0.996846       -1.636390        0.073117
      71       -0.996732       -0.996621       -1.636384        0.072953
      72       -0.996735       -0.996953       -1.636393        0.073147
      73       -0.996740       -0.997080       -1.636408        0.073015
      74       -0.996739       -0.996699       -1.636408        0.072952
      75       -0.996740       -0.996816       -1.636412        0.072682
      76       -0.996740       -0.996768       -1.636414        0.072124
      77       -0.996743       -0.996924       -1.636422        0.072151
      78       -0.996739       -0.996465       -1.636412        0.071965
      79       -0.996739       -0.996689       -1.636409        0.072018
      80       -0.996742       -0.997031       -1.636423        0.071851
      81       -0.996736       -0.996270       -1.636403        0.071976
      82       -0.996737       -0.996826       -1.636406        0.071694
      83       -0.996741       -0.997041       -1.636418        0.071536
      84       -0.996743       -0.996924       -1.636423        0.071312
      85       -0.996746       -0.996982       -1.636431        0.071220
      86       -0.996742       -0.996436       -1.636421        0.071357
      87       -0.996738       -0.996338       -1.636404        0.071424
      88       -0.996743       -0.997178       -1.636420        0.071067
      89       -0.996745       -0.996924       -1.636426        0.071168
      90       -0.996744       -0.996670       -1.636424        0.071267
      91       -0.996745       -0.996826       -1.636428        0.071128
      92       -0.996747       -0.996904       -1.636433        0.071289
      93       -0.996750       -0.997031       -1.636443        0.071111
      94       -0.996753       -0.997041       -1.636452        0.070874
      95       -0.996750       -0.996494       -1.636444        0.071227
      96       -0.996749       -0.996670       -1.636442        0.071208
      97       -0.996748       -0.996631       -1.636437        0.071229
      98       -0.996748       -0.996738       -1.636437        0.071030
      99       -0.996745       -0.996504       -1.636429        0.071042
     100       -0.996740       -0.996211       -1.636414        0.071094
