 # dimension de la red :          64
 # acoplamiento spines :  0.196666673    
 # campo externo       :   0.00000000    
 #                     
 #paso,  <mag.total>,<mag.cadena>,energ,calor esp
 #                     
       1       -0.001445       -0.001445       -0.083768        0.107471
       2       -0.001533       -0.001621       -0.083480        0.100268
       3       -0.001253       -0.000693       -0.082953        0.099305
       4       -0.000100        0.003359       -0.082821        0.102285
       5       -0.000400       -0.001602       -0.082656        0.098724
       6       -0.001121       -0.004727       -0.082945        0.098641
       7       -0.001844       -0.006182       -0.082762        0.099260
       8       -0.001666       -0.000420       -0.082812        0.094261
       9       -0.001910       -0.003857       -0.082765        0.095058
      10       -0.001161        0.005576       -0.082726        0.092973
      11       -0.001095       -0.000430       -0.082703        0.093190
      12       -0.000531        0.005674       -0.082644        0.095464
      13       -0.000366        0.001611       -0.082737        0.093399
      14       -0.000402       -0.000869       -0.082681        0.092428
      15       -0.000127        0.003721       -0.082644        0.093699
      16       -0.000381       -0.004189       -0.082647        0.093187
      17       -0.000325        0.000576       -0.082658        0.092111
      18       -0.000431       -0.002236       -0.082665        0.094286
      19       -0.000536       -0.002432       -0.082595        0.094200
      20       -0.000655       -0.002910       -0.082585        0.093854
      21       -0.000619        0.000098       -0.082562        0.093599
      22       -0.000308        0.006230       -0.082516        0.094350
      23        0.000040        0.007686       -0.082533        0.094269
      24        0.000170        0.003174       -0.082543        0.094287
      25        0.000342        0.004453       -0.082562        0.093850
      26        0.000420        0.002383       -0.082544        0.093489
      27        0.000362       -0.001162       -0.082557        0.093892
      28        0.000474        0.003496       -0.082542        0.094207
      29        0.000229       -0.006621       -0.082559        0.093377
      30        0.000296        0.002236       -0.082575        0.093315
      31        0.000129       -0.004893       -0.082567        0.093962
      32        0.000277        0.004873       -0.082584        0.094467
      33        0.000160       -0.003594       -0.082591        0.095202
      34        0.000097       -0.001982       -0.082561        0.095202
      35        0.000198        0.003652       -0.082563        0.094441
      36        0.000200        0.000254       -0.082555        0.094265
      37        0.000145       -0.001836       -0.082525        0.094337
      38        0.000041       -0.003799       -0.082558        0.094722
      39        0.000053        0.000527       -0.082591        0.095304
      40        0.000026       -0.001025       -0.082596        0.095885
      41       -0.000009       -0.001426       -0.082607        0.095486
      42        0.000054        0.002627       -0.082589        0.095067
      43        0.000074        0.000947       -0.082598        0.095226
      44       -0.000021       -0.004131       -0.082597        0.094770
      45       -0.000106       -0.003857       -0.082586        0.094860
      46       -0.000169       -0.003008       -0.082591        0.094225
      47       -0.000238       -0.003398       -0.082611        0.093684
      48       -0.000170        0.003037       -0.082611        0.093904
      49       -0.000104        0.003057       -0.082607        0.093591
      50       -0.000161       -0.002969       -0.082600        0.093749
      51       -0.000086        0.003682       -0.082583        0.094208
      52        0.000002        0.004482       -0.082601        0.094175
      53        0.000009        0.000361       -0.082613        0.094109
      54        0.000071        0.003369       -0.082600        0.094457
      55        0.000051       -0.001035       -0.082611        0.094628
      56        0.000042       -0.000449       -0.082635        0.094455
      57        0.000060        0.001104       -0.082633        0.094391
      58       -0.000002       -0.003564       -0.082617        0.094579
      59       -0.000097       -0.005635       -0.082628        0.094832
      60       -0.000053        0.002598       -0.082632        0.095336
      61       -0.000086       -0.002109       -0.082607        0.094919
      62       -0.000091       -0.000361       -0.082604        0.094815
      63       -0.000123       -0.002129       -0.082596        0.095053
      64       -0.000128       -0.000469       -0.082597        0.094635
      65       -0.000199       -0.004697       -0.082579        0.095113
      66       -0.000110        0.005635       -0.082576        0.094889
      67        0.000029        0.009238       -0.082581        0.094716
      68        0.000078        0.003379       -0.082568        0.094910
      69        0.000028       -0.003398       -0.082580        0.095184
      70        0.000123        0.006650       -0.082584        0.095260
      71        0.000135        0.001035       -0.082587        0.094988
      72        0.000068       -0.004688       -0.082579        0.095005
      73        0.000050       -0.001260       -0.082583        0.095240
      74       -0.000063       -0.008340       -0.082575        0.095233
      75       -0.000077       -0.001094       -0.082593        0.094882
      76       -0.000152       -0.005762       -0.082603        0.094625
      77       -0.000211       -0.004717       -0.082599        0.094225
      78       -0.000150        0.004561       -0.082582        0.095007
      79       -0.000125        0.001797       -0.082579        0.094537
      80       -0.000109        0.001143       -0.082595        0.094678
      81       -0.000176       -0.005479       -0.082610        0.095065
      82       -0.000158        0.001250       -0.082611        0.095440
      83       -0.000178       -0.001797       -0.082622        0.095373
      84       -0.000190       -0.001162       -0.082628        0.095560
      85       -0.000188       -0.000049       -0.082640        0.095676
      86       -0.000188       -0.000176       -0.082644        0.095611
      87       -0.000248       -0.005400       -0.082638        0.095672
      88       -0.000320       -0.006641       -0.082610        0.095506
      89       -0.000264        0.004668       -0.082609        0.095481
      90       -0.000303       -0.003779       -0.082607        0.095491
      91       -0.000275        0.002285       -0.082605        0.095376
      92       -0.000369       -0.008955       -0.082594        0.095377
      93       -0.000305        0.005586       -0.082598        0.095427
      94       -0.000293        0.000811       -0.082603        0.095876
      95       -0.000270        0.001914       -0.082608        0.095772
      96       -0.000240        0.002666       -0.082616        0.095651
      97       -0.000206        0.003057       -0.082611        0.095361
      98       -0.000289       -0.008350       -0.082616        0.095359
      99       -0.000272        0.001328       -0.082614        0.095285
     100       -0.000285       -0.001504       -0.082617        0.094853
