 # dimension de la red :          64
 # acoplamiento spines :  0.439999998    
 # campo externo       :   0.00000000    
 #                     
 #paso,  <mag.total>,<mag.cadena>,energ,calor esp
 #                     
       1       -0.615469       -0.615469       -0.624671        1.822266
       2       -0.542739       -0.470010       -0.622982        1.597168
       3       -0.220182        0.424932       -0.623843        1.781982
       4       -0.089160        0.303906       -0.623225        1.637756
       5        0.044016        0.576719       -0.622416        1.736572
       6        0.119593        0.497480       -0.621587        1.937948
       7        0.148774        0.323857       -0.621380        2.077462
       8        0.126538       -0.029111       -0.621442        2.024689
       9        0.172257        0.538008       -0.622165        1.990289
      10        0.198697        0.436660       -0.621943        2.038159
      11        0.229397        0.536397       -0.621689        2.085194
      12        0.185134       -0.301758       -0.621098        1.993622
      13        0.213972        0.560020       -0.620811        2.011728
      14        0.188506       -0.142549       -0.620496        1.995946
      15        0.144386       -0.473291       -0.620320        2.024577
      16        0.171202        0.573438       -0.620433        2.035225
      17        0.162952        0.030947       -0.620447        2.023710
      18        0.178199        0.437402       -0.620160        1.996602
      19        0.200712        0.605957       -0.620112        1.997841
      20        0.214237        0.471201       -0.620222        1.995990
      21        0.174061       -0.629463       -0.620533        1.970366
      22        0.163647       -0.055039       -0.620433        2.013988
      23        0.151018       -0.126816       -0.620620        2.019133
      24        0.123676       -0.505186       -0.620428        2.019068
      25        0.094798       -0.598281       -0.620638        1.987593
      26        0.070207       -0.544580       -0.620612        1.982140
      27        0.051867       -0.424971       -0.620684        1.974230
      28        0.071846        0.611289       -0.620743        1.964063
      29        0.091533        0.642754       -0.620971        1.956926
      30        0.109236        0.622647       -0.621133        1.966174
      31        0.127463        0.674277       -0.621546        1.980484
      32        0.114153       -0.298467       -0.621671        1.990635
      33        0.094802       -0.524434       -0.621750        1.975752
      34        0.106186        0.481865       -0.621439        1.977719
      35        0.120304        0.600312       -0.621481        2.001796
      36        0.110292       -0.240127       -0.621429        2.029351
      37        0.090977       -0.604375       -0.621530        2.049881
      38        0.085867       -0.103193       -0.621527        2.044928
      39        0.099481        0.616797       -0.621593        2.030051
      40        0.089112       -0.315283       -0.621796        2.029181
      41        0.071758       -0.622402       -0.621873        2.020109
      42        0.055917       -0.593564       -0.621884        2.014393
      43        0.042233       -0.532461       -0.621926        2.002901
      44        0.027918       -0.587646       -0.621831        1.991647
      45        0.025472       -0.082148       -0.621743        2.006605
      46        0.022925       -0.091689       -0.621776        2.017910
      47        0.028849        0.301367       -0.621690        2.011571
      48        0.040766        0.600830       -0.621677        2.014618
      49        0.053056        0.642978       -0.621738        2.013303
      50        0.046909       -0.254287       -0.621805        2.012163
      51        0.037432       -0.436416       -0.621710        2.029393
      52        0.034991       -0.089502       -0.621767        2.042614
      53        0.044912        0.560801       -0.621713        2.038551
      54        0.041171       -0.157109       -0.621737        2.036820
      55        0.029620       -0.594111       -0.621760        2.038033
      56        0.018277       -0.605576       -0.621801        2.045713
      57        0.008170       -0.557822       -0.621755        2.046997
      58        0.008546        0.029971       -0.621671        2.044777
      59        0.010769        0.139707       -0.621644        2.057876
      60        0.000239       -0.621045       -0.621658        2.060498
      61        0.004603        0.266475       -0.621598        2.059302
      62        0.007744        0.199316       -0.621602        2.060941
      63       -0.001074       -0.547773       -0.621541        2.055538
      64       -0.010620       -0.612022       -0.621619        2.058197
      65       -0.017966       -0.488096       -0.621486        2.057997
      66       -0.022421       -0.312021       -0.621532        2.062574
      67       -0.012612        0.634805       -0.621598        2.053616
      68       -0.003261        0.623252       -0.621666        2.055827
      69        0.005801        0.621982       -0.621699        2.051025
      70        0.001685       -0.282305       -0.621768        2.054766
      71       -0.006799       -0.600664       -0.621822        2.054185
      72        0.000777        0.538652       -0.621790        2.052722
      73        0.006881        0.446406       -0.621754        2.046813
      74        0.011408        0.341885       -0.621716        2.050590
      75        0.010221       -0.077637       -0.621658        2.054445
      76        0.017592        0.570391       -0.621626        2.054172
      77        0.025916        0.658535       -0.621717        2.056431
      78        0.032282        0.522490       -0.621721        2.059082
      79        0.031462       -0.032480       -0.621631        2.060046
      80        0.028756       -0.185020       -0.621661        2.062431
      81        0.021113       -0.590381       -0.621687        2.064993
      82        0.013095       -0.636367       -0.621742        2.059829
      83        0.005043       -0.655176       -0.621833        2.063210
      84        0.000899       -0.343037       -0.621885        2.067359
      85       -0.005733       -0.562813       -0.621848        2.063034
      86       -0.010438       -0.410361       -0.621821        2.062094
      87       -0.003336        0.607393       -0.621841        2.066606
      88        0.002783        0.535176       -0.621860        2.072134
      89        0.009944        0.640068       -0.621910        2.067446
      90        0.016875        0.633779       -0.621975        2.060506
      91        0.023879        0.654180       -0.622056        2.052741
      92        0.030169        0.602549       -0.622064        2.054449
      93        0.035339        0.511025       -0.622067        2.071819
      94        0.041653        0.628799       -0.622117        2.073501
      95        0.047370        0.584785       -0.622127        2.074810
      96        0.053553        0.640918       -0.622200        2.070998
      97        0.059243        0.605537       -0.622205        2.067273
      98        0.060431        0.175693       -0.622176        2.077478
      99        0.053229       -0.652598       -0.622211        2.075983
     100        0.049903       -0.279404       -0.622112        2.080732
