 # dimension de la red :          64
 # acoplamiento spines :  0.430000007    
 # campo externo       :   0.00000000    
 #                     
 #paso,  <mag.total>,<mag.cadena>,energ,calor esp
 #                     
       1       -0.036279       -0.036279       -0.559806        1.354858
       2        0.105449        0.247178       -0.562443        1.570251
       3        0.104430        0.102393       -0.562337        1.576538
       4        0.057546       -0.083105       -0.561299        1.427948
       5        0.059434        0.066982       -0.561474        1.438525
       6        0.005972       -0.261338       -0.561721        1.453654
       7       -0.014997       -0.140811       -0.561692        1.593942
       8       -0.021803       -0.069443       -0.561684        1.594162
       9       -0.013405        0.053779       -0.561855        1.571167
      10       -0.025134       -0.130693       -0.562090        1.589075
      11       -0.023031       -0.002002       -0.561087        1.590554
      12       -0.014797        0.075781       -0.561138        1.620260
      13       -0.016574       -0.037900       -0.561027        1.639724
      14       -0.006414        0.125664       -0.561232        1.611825
      15        0.007434        0.201299       -0.561355        1.586621
      16       -0.005273       -0.195869       -0.561283        1.556488
      17       -0.014976       -0.170225       -0.561343        1.573910
      18       -0.024514       -0.186660       -0.561133        1.615960
      19       -0.024403       -0.022412       -0.560906        1.605135
      20       -0.017365        0.116367       -0.561152        1.621539
      21       -0.015977        0.011768       -0.561219        1.613182
      22       -0.030996       -0.346387       -0.561132        1.618508
      23       -0.035592       -0.136709       -0.561108        1.620828
      24       -0.028394        0.137158       -0.561029        1.628667
      25       -0.025202        0.051426       -0.561054        1.617080
      26       -0.025135       -0.023467       -0.561103        1.615352
      27       -0.028925       -0.127480       -0.561029        1.617156
      28       -0.020991        0.193252       -0.561091        1.621700
      29       -0.021955       -0.048975       -0.561312        1.649145
      30       -0.022200       -0.029287       -0.561352        1.670028
      31       -0.015042        0.199687       -0.561674        1.698624
      32       -0.017097       -0.080811       -0.561674        1.693958
      33       -0.023484       -0.227861       -0.561858        1.703317
      34       -0.023340       -0.018584       -0.561595        1.712305
      35       -0.020944        0.060537       -0.561594        1.710048
      36       -0.013726        0.238887       -0.561594        1.697639
      37       -0.011764        0.058867       -0.561680        1.708869
      38       -0.021614       -0.386055       -0.561762        1.711284
      39       -0.024864       -0.148359       -0.561723        1.700900
      40       -0.021302        0.117607       -0.561970        1.710114
      41       -0.027388       -0.270830       -0.562017        1.711009
      42       -0.026242        0.020752       -0.561966        1.705389
      43       -0.020640        0.214658       -0.562030        1.702804
      44       -0.014795        0.236533       -0.561903        1.709240
      45       -0.016850       -0.107275       -0.561826        1.705233
      46       -0.008050        0.387920       -0.561877        1.705272
      47       -0.008735       -0.040244       -0.561844        1.704302
      48       -0.004293        0.204492       -0.561739        1.716868
      49        0.000084        0.210195       -0.561599        1.717756
      50       -0.000536       -0.030918       -0.561562        1.713608
      51        0.001536        0.105107       -0.561492        1.712393
      52        0.001048       -0.023799       -0.561563        1.720344
      53        0.002317        0.068271       -0.561524        1.718423
      54        0.002934        0.035635       -0.561513        1.721813
      55        0.002307       -0.031533       -0.561475        1.728394
      56        0.003718        0.081348       -0.561422        1.721276
      57        0.001589       -0.117676       -0.561329        1.727556
      58        0.000835       -0.042109       -0.561409        1.718971
      59        0.001813        0.058516       -0.561433        1.717844
      60        0.004619        0.170205       -0.561437        1.723267
      61        0.006899        0.143701       -0.561449        1.728500
      62        0.007435        0.040127       -0.561517        1.720089
      63        0.008304        0.062178       -0.561486        1.722418
      64        0.009034        0.055000       -0.561437        1.714563
      65        0.010622        0.112275       -0.561327        1.712062
      66        0.011870        0.092959       -0.561373        1.712610
      67        0.011145       -0.036660       -0.561514        1.702843
      68        0.010132       -0.057764       -0.561497        1.700109
      69        0.014894        0.338672       -0.561557        1.696926
      70        0.014389       -0.020459       -0.561578        1.687200
      71        0.015336        0.081680       -0.561576        1.690872
      72        0.013097       -0.145889       -0.561549        1.687629
      73        0.013246        0.023975       -0.561486        1.690344
      74        0.012811       -0.018926       -0.561467        1.693904
      75        0.012616       -0.001807       -0.561421        1.688677
      76        0.011244       -0.091650       -0.561455        1.690691
      77        0.012156        0.081445       -0.561447        1.691195
      78        0.012191        0.014834       -0.561354        1.691973
      79        0.010284       -0.138447       -0.561367        1.691708
      80        0.008320       -0.146816       -0.561395        1.688374
      81        0.010700        0.201094       -0.561401        1.688656
      82        0.010153       -0.034160       -0.561355        1.683618
      83        0.010607        0.047852       -0.561339        1.682836
      84        0.009562       -0.077197       -0.561337        1.684652
      85        0.010569        0.095156       -0.561355        1.675386
      86        0.009375       -0.092109       -0.561338        1.672735
      87        0.011867        0.226211       -0.561348        1.679716
      88        0.011259       -0.041611       -0.561482        1.678378
      89        0.011025       -0.009609       -0.561488        1.690268
      90        0.008243       -0.239316       -0.561541        1.689633
      91        0.009157        0.091396       -0.561519        1.688471
      92        0.011526        0.227109       -0.561503        1.690014
      93        0.012084        0.063447       -0.561551        1.692522
      94        0.011150       -0.075723       -0.561538        1.686988
      95        0.008582       -0.232832       -0.561515        1.689515
      96        0.009899        0.135039       -0.561538        1.691334
      97        0.009057       -0.071807       -0.561553        1.689052
      98        0.008951       -0.001348       -0.561565        1.696497
      99        0.009356        0.049082       -0.561533        1.700864
     100        0.006998       -0.226475       -0.561566        1.701423
