 # dimension de la red :          64
 # acoplamiento spines :  0.460000008    
 # campo externo       :   0.00000000    
 #                     
 #paso,  <mag.total>,<mag.cadena>,energ,calor esp
 #                     
       1       -0.807129       -0.807129       -0.723386        1.037842
       2       -0.811411       -0.815693       -0.725655        1.153198
       3       -0.813320       -0.817139       -0.726417        1.124430
       4       -0.814131       -0.816562       -0.725989        1.128662
       5       -0.814480       -0.815879       -0.726236        1.157520
       6       -0.814080       -0.812080       -0.726342        1.180501
       7       -0.813923       -0.812979       -0.726332        1.149030
       8       -0.814362       -0.817432       -0.726900        1.160858
       9       -0.814739       -0.817754       -0.727368        1.129693
      10       -0.814721       -0.814561       -0.727439        1.107153
      11       -0.814914       -0.816846       -0.727407        1.149392
      12       -0.814518       -0.810166       -0.727223        1.124858
      13       -0.814433       -0.813408       -0.727052        1.111385
      14       -0.814967       -0.821904       -0.727330        1.111223
      15       -0.814683       -0.810713       -0.727145        1.139128
      16       -0.813632       -0.797861       -0.726875        1.163757
      17       -0.813920       -0.818535       -0.727093        1.175336
      18       -0.813268       -0.802178       -0.726993        1.211955
      19       -0.813073       -0.809570       -0.726773        1.204513
      20       -0.813039       -0.812393       -0.726887        1.213709
      21       -0.813251       -0.817500       -0.726914        1.213402
      22       -0.813496       -0.818643       -0.726957        1.240290
      23       -0.813879       -0.822305       -0.727205        1.247612
      24       -0.813887       -0.814053       -0.727314        1.251017
      25       -0.813686       -0.808867       -0.727265        1.244443
      26       -0.813739       -0.815059       -0.727306        1.258104
      27       -0.813894       -0.817939       -0.727375        1.245027
      28       -0.814183       -0.821982       -0.727512        1.259286
      29       -0.814199       -0.814639       -0.727420        1.262064
      30       -0.814360       -0.819043       -0.727489        1.261182
      31       -0.814485       -0.818242       -0.727599        1.270350
      32       -0.814413       -0.812178       -0.727576        1.264801
      33       -0.814531       -0.818301       -0.727563        1.264878
      34       -0.814593       -0.816650       -0.727543        1.263952
      35       -0.814506       -0.811533       -0.727532        1.270654
      36       -0.814656       -0.819912       -0.727609        1.272081
      37       -0.814556       -0.810938       -0.727545        1.266173
      38       -0.814402       -0.808701       -0.727543        1.280781
      39       -0.814325       -0.811416       -0.727527        1.283842
      40       -0.814465       -0.819941       -0.727650        1.281384
      41       -0.814298       -0.807607       -0.727577        1.284084
      42       -0.814115       -0.806592       -0.727466        1.288714
      43       -0.814099       -0.813438       -0.727478        1.282726
      44       -0.814029       -0.811025       -0.727404        1.279702
      45       -0.813866       -0.806709       -0.727339        1.273714
      46       -0.814074       -0.823438       -0.727437        1.276049
      47       -0.813948       -0.808125       -0.727330        1.279458
      48       -0.813854       -0.809463       -0.727257        1.288569
      49       -0.813811       -0.811738       -0.727202        1.288400
      50       -0.813924       -0.819463       -0.727269        1.290435
      51       -0.814029       -0.819277       -0.727276        1.287397
      52       -0.813917       -0.808213       -0.727269        1.287166
      53       -0.813986       -0.817578       -0.727244        1.278242
      54       -0.814091       -0.819639       -0.727279        1.274672
      55       -0.813910       -0.804111       -0.727191        1.271289
      56       -0.813975       -0.817549       -0.727214        1.279432
      57       -0.814001       -0.815479       -0.727199        1.281134
      58       -0.814140       -0.822041       -0.727220        1.282677
      59       -0.814166       -0.815713       -0.727210        1.282152
      60       -0.814182       -0.815107       -0.727216        1.285168
      61       -0.814121       -0.810479       -0.727187        1.284880
      62       -0.814188       -0.818232       -0.727204        1.276804
      63       -0.814052       -0.805625       -0.727161        1.274883
      64       -0.813994       -0.810361       -0.727135        1.274269
      65       -0.813939       -0.810430       -0.727099        1.278328
      66       -0.814130       -0.826533       -0.727193        1.275894
      67       -0.814252       -0.822275       -0.727214        1.270442
      68       -0.814200       -0.810742       -0.727219        1.271201
      69       -0.814227       -0.816094       -0.727229        1.272383
      70       -0.814157       -0.809297       -0.727192        1.272433
      71       -0.814152       -0.813789       -0.727187        1.277168
      72       -0.814032       -0.805518       -0.727150        1.272051
      73       -0.814124       -0.820771       -0.727177        1.272180
      74       -0.814153       -0.816240       -0.727180        1.274572
      75       -0.814062       -0.807314       -0.727132        1.278854
      76       -0.813911       -0.802637       -0.727075        1.276068
      77       -0.814039       -0.823750       -0.727129        1.275048
      78       -0.814069       -0.816348       -0.727113        1.272570
      79       -0.814134       -0.819258       -0.727107        1.267442
      80       -0.814026       -0.805498       -0.727102        1.267035
      81       -0.813963       -0.808867       -0.727078        1.270876
      82       -0.814066       -0.822432       -0.727084        1.268281
      83       -0.814142       -0.820381       -0.727122        1.266528
      84       -0.814157       -0.815361       -0.727143        1.267599
      85       -0.814070       -0.806777       -0.727139        1.269054
      86       -0.814003       -0.808359       -0.727124        1.270303
      87       -0.813901       -0.805078       -0.727089        1.277818
      88       -0.813980       -0.820840       -0.727121        1.276104
      89       -0.813940       -0.810469       -0.727081        1.276968
      90       -0.813960       -0.815723       -0.727094        1.275697
      91       -0.813952       -0.813242       -0.727069        1.271200
      92       -0.813991       -0.817529       -0.727080        1.268770
      93       -0.814039       -0.818447       -0.727108        1.266764
      94       -0.814043       -0.814395       -0.727094        1.265396
      95       -0.814004       -0.810371       -0.727055        1.265882
      96       -0.814093       -0.822549       -0.727090        1.263568
      97       -0.814098       -0.814570       -0.727083        1.260395
      98       -0.814150       -0.819248       -0.727096        1.264741
      99       -0.814201       -0.819189       -0.727093        1.265894
     100       -0.814207       -0.814814       -0.727080        1.263955
