 # dimension de la red :          64
 # acoplamiento spines :  0.469999999    
 # campo externo       :   0.00000000    
 #                     
 #paso,  <mag.total>,<mag.cadena>,energ,calor esp
 #                     
       1       -0.843271       -0.843271       -0.763879        1.344727
       2       -0.847778       -0.852285       -0.766458        1.182861
       3       -0.851146       -0.857881       -0.767599        1.113281
       4       -0.850115       -0.847021       -0.766591        1.114014
       5       -0.850332       -0.851201       -0.766717        1.125537
       6       -0.850778       -0.853008       -0.766888        1.104329
       7       -0.850960       -0.852051       -0.767097        1.091239
       8       -0.851857       -0.858135       -0.767791        1.078613
       9       -0.852455       -0.857246       -0.768065        1.028320
      10       -0.852852       -0.856416       -0.768349        1.034937
      11       -0.852568       -0.849736       -0.768241        1.044389
      12       -0.852528       -0.852080       -0.768139        1.046631
      13       -0.852525       -0.852500       -0.768072        1.027363
      14       -0.852640       -0.854131       -0.768225        1.008946
      15       -0.852770       -0.854590       -0.768173        1.018880
      16       -0.852332       -0.845762       -0.767989        1.031891
      17       -0.852526       -0.855625       -0.768190        1.047636
      18       -0.852390       -0.850088       -0.768177        1.077840
      19       -0.852077       -0.846445       -0.767918        1.091463
      20       -0.852394       -0.858418       -0.768121        1.080005
      21       -0.852445       -0.853457       -0.768219        1.078357
      22       -0.852352       -0.850400       -0.768166        1.099909
      23       -0.852430       -0.854131       -0.768291        1.102889
      24       -0.852403       -0.851797       -0.768335        1.100840
      25       -0.852318       -0.850264       -0.768327        1.090889
      26       -0.852303       -0.851943       -0.768373        1.103112
      27       -0.852367       -0.854033       -0.768438        1.101038
      28       -0.852415       -0.853701       -0.768463        1.113081
      29       -0.852376       -0.851279       -0.768363        1.113264
      30       -0.852493       -0.855908       -0.768456        1.115926
      31       -0.852614       -0.856221       -0.768596        1.111753
      32       -0.852499       -0.848945       -0.768560        1.105995
      33       -0.852369       -0.848213       -0.768483        1.094556
      34       -0.852284       -0.849473       -0.768385        1.086368
      35       -0.852322       -0.853613       -0.768442        1.093966
      36       -0.852241       -0.849395       -0.768463        1.097344
      37       -0.852083       -0.846397       -0.768379        1.087930
      38       -0.852206       -0.856777       -0.768435        1.090294
      39       -0.852271       -0.854746       -0.768457        1.097725
      40       -0.852375       -0.856396       -0.768541        1.103992
      41       -0.852167       -0.843848       -0.768424        1.098984
      42       -0.852019       -0.845957       -0.768307        1.101812
      43       -0.852071       -0.854268       -0.768318        1.102573
      44       -0.851949       -0.846680       -0.768245        1.100741
      45       -0.851763       -0.843603       -0.768168        1.101883
      46       -0.851900       -0.858057       -0.768220        1.098696
      47       -0.851827       -0.848457       -0.768154        1.097724
      48       -0.851816       -0.851318       -0.768087        1.105113
      49       -0.851722       -0.847197       -0.767986        1.106675
      50       -0.851878       -0.859531       -0.768055        1.101465
      51       -0.851977       -0.856934       -0.768073        1.101026
      52       -0.851891       -0.847490       -0.768059        1.095769
      53       -0.851850       -0.849736       -0.768035        1.092129
      54       -0.851888       -0.853916       -0.768062        1.091395
      55       -0.851740       -0.843740       -0.768026        1.094669
      56       -0.851663       -0.847412       -0.768012        1.105207
      57       -0.851678       -0.852500       -0.768020        1.111555
      58       -0.851748       -0.855762       -0.768026        1.107889
      59       -0.851759       -0.852402       -0.768032        1.110252
      60       -0.851788       -0.853486       -0.768064        1.113664
      61       -0.851800       -0.852539       -0.768061        1.111228
      62       -0.851831       -0.853711       -0.768071        1.107658
      63       -0.851753       -0.846885       -0.768057        1.105302
      64       -0.851721       -0.849717       -0.768044        1.102764
      65       -0.851710       -0.851006       -0.768035        1.099891
      66       -0.851788       -0.856904       -0.768084        1.094327
      67       -0.851818       -0.853789       -0.768076        1.091130
      68       -0.851829       -0.852568       -0.768100        1.091373
      69       -0.851890       -0.856025       -0.768129        1.093623
      70       -0.851861       -0.849824       -0.768103        1.093900
      71       -0.851813       -0.848486       -0.768087        1.093196
      72       -0.851738       -0.846406       -0.768050        1.088854
      73       -0.851725       -0.850752       -0.768055        1.087917
      74       -0.851755       -0.853955       -0.768060        1.091091
      75       -0.851673       -0.845605       -0.768001        1.092129
      76       -0.851652       -0.850068       -0.767983        1.087942
      77       -0.851679       -0.853789       -0.768021        1.089498
      78       -0.851677       -0.851504       -0.768013        1.086720
      79       -0.851659       -0.850264       -0.767980        1.085023
      80       -0.851659       -0.851650       -0.767995        1.084372
      81       -0.851711       -0.855879       -0.768012        1.082706
      82       -0.851720       -0.852451       -0.767988        1.079152
      83       -0.851702       -0.850234       -0.767986        1.079984
      84       -0.851668       -0.848799       -0.767970        1.079898
      85       -0.851669       -0.851758       -0.767976        1.082247
      86       -0.851689       -0.853359       -0.767986        1.081449
      87       -0.851603       -0.844229       -0.767955        1.085545
      88       -0.851603       -0.851582       -0.767962        1.084312
      89       -0.851535       -0.845605       -0.767910        1.084053
      90       -0.851542       -0.852148       -0.767912        1.081185
      91       -0.851537       -0.851055       -0.767893        1.077704
      92       -0.851555       -0.853184       -0.767897        1.075909
      93       -0.851595       -0.855313       -0.767929        1.073578
      94       -0.851573       -0.849531       -0.767924        1.070362
      95       -0.851524       -0.846904       -0.767880        1.069696
      96       -0.851562       -0.855176       -0.767908        1.067815
      97       -0.851612       -0.856406       -0.767921        1.068586
      98       -0.851654       -0.855713       -0.767929        1.072198
      99       -0.851686       -0.854893       -0.767942        1.073013
     100       -0.851633       -0.846387       -0.767918        1.073115
