 # dimension de la red :          64
 # acoplamiento spines :  0.587777793    
 # campo externo       :   0.00000000    
 #                     
 #paso,  <mag.total>,<mag.cadena>,energ,calor esp
 #                     
       1        0.970508        0.970508       -1.115986        0.277832
       2        0.970244        0.969980       -1.116014        0.301514
       3        0.969694        0.968594       -1.115063        0.305501
       4        0.969509        0.968955       -1.114648        0.325928
       5        0.969637        0.970146       -1.114764        0.323047
       6        0.969668        0.969824       -1.114851        0.318115
       7        0.969672        0.969697       -1.114825        0.318080
       8        0.969646        0.969463       -1.114819        0.325623
       9        0.969626        0.969463       -1.114747        0.329481
      10        0.969730        0.970674       -1.114956        0.327588
      11        0.969744        0.969883       -1.114949        0.323420
      12        0.969669        0.968838       -1.114818        0.333862
      13        0.969589        0.968633       -1.114671        0.338679
      14        0.969620        0.970020       -1.114714        0.337402
      15        0.969616        0.969561       -1.114762        0.335124
      16        0.969665        0.970400       -1.114861        0.335571
      17        0.969686        0.970029       -1.114941        0.336713
      18        0.969655        0.969121       -1.114920        0.347955
      19        0.969607        0.968750       -1.114844        0.349198
      20        0.969661        0.970684       -1.114955        0.350220
      21        0.969711        0.970713       -1.115062        0.349772
      22        0.969756        0.970693       -1.115106        0.349831
      23        0.969775        0.970205       -1.115164        0.345279
      24        0.969810        0.970615       -1.115210        0.340129
      25        0.969813        0.969883       -1.115222        0.341992
      26        0.969839        0.970469       -1.115272        0.339543
      27        0.969846        0.970049       -1.115299        0.339392
      28        0.969886        0.970947       -1.115376        0.345703
      29        0.969833        0.968350       -1.115268        0.343683
      30        0.969873        0.971055       -1.115352        0.345996
      31        0.969923        0.971416       -1.115435        0.346018
      32        0.969924        0.969951       -1.115429        0.341721
      33        0.969944        0.970586       -1.115468        0.340066
      34        0.969939        0.969785       -1.115455        0.339786
      35        0.969924        0.969414       -1.115463        0.341364
      36        0.969960        0.971211       -1.115525        0.338555
      37        0.969952        0.969658       -1.115509        0.341678
      38        0.969994        0.971563       -1.115574        0.343082
      39        0.969954        0.968428       -1.115505        0.346605
      40        0.969955        0.969980       -1.115510        0.348730
      41        0.969943        0.969463       -1.115501        0.348073
      42        0.969929        0.969346       -1.115478        0.348726
      43        0.969953        0.970977       -1.115528        0.349110
      44        0.969972        0.970771       -1.115544        0.347312
      45        0.969944        0.968740       -1.115506        0.347754
      46        0.969921        0.968887       -1.115465        0.347985
      47        0.969906        0.969189       -1.115455        0.348820
      48        0.969884        0.968867       -1.115432        0.349253
      49        0.969863        0.968838       -1.115389        0.348184
      50        0.969864        0.969902       -1.115377        0.347236
      51        0.969845        0.968945       -1.115353        0.347484
      52        0.969846        0.969873       -1.115355        0.347506
      53        0.969857        0.970449       -1.115372        0.346698
      54        0.969845        0.969189       -1.115357        0.347638
      55        0.969840        0.969570       -1.115353        0.348455
      56        0.969838        0.969717       -1.115374        0.349112
      57        0.969844        0.970186       -1.115390        0.350980
      58        0.969837        0.969473       -1.115377        0.348523
      59        0.969835        0.969697       -1.115373        0.348335
      60        0.969837        0.969961       -1.115368        0.346720
      61        0.969829        0.969336       -1.115344        0.347184
      62        0.969832        0.970029       -1.115345        0.346262
      63        0.969848        0.970811       -1.115367        0.344579
      64        0.969836        0.969131       -1.115349        0.343987
      65        0.969835        0.969766       -1.115345        0.343172
      66        0.969848        0.970645       -1.115355        0.342648
      67        0.969850        0.970000       -1.115356        0.344479
      68        0.969859        0.970439       -1.115366        0.345229
      69        0.969854        0.969570       -1.115356        0.345845
      70        0.969854        0.969805       -1.115351        0.345382
      71        0.969845        0.969238       -1.115338        0.346852
      72        0.969830        0.968750       -1.115310        0.346408
      73        0.969840        0.970576       -1.115326        0.346579
      74        0.969845        0.970234       -1.115332        0.345782
      75        0.969835        0.969053       -1.115312        0.346895
      76        0.969825        0.969121       -1.115295        0.346525
      77        0.969847        0.971484       -1.115337        0.345595
      78        0.969841        0.969414       -1.115326        0.345928
      79        0.969825        0.968535       -1.115296        0.345734
      80        0.969828        0.970068       -1.115299        0.345911
      81        0.969835        0.970420       -1.115310        0.345058
      82        0.969833        0.969648       -1.115304        0.345810
      83        0.969836        0.970088       -1.115301        0.345421
      84        0.969846        0.970713       -1.115328        0.345796
      85        0.969852        0.970303       -1.115337        0.345577
      86        0.969859        0.970459       -1.115352        0.344136
      87        0.969849        0.969014       -1.115342        0.343374
      88        0.969853        0.970205       -1.115353        0.342213
      89        0.969849        0.969512       -1.115344        0.341287
      90        0.969858        0.970645       -1.115355        0.340093
      91        0.969849        0.968994       -1.115339        0.340166
      92        0.969845        0.969512       -1.115333        0.341086
      93        0.969840        0.969365       -1.115327        0.341009
      94        0.969828        0.968721       -1.115313        0.340779
      95        0.969817        0.968770       -1.115289        0.341638
      96        0.969814        0.969570       -1.115280        0.341324
      97        0.969823        0.970645       -1.115288        0.341319
      98        0.969822        0.969707       -1.115288        0.341403
      99        0.969820        0.969639       -1.115279        0.342162
     100        0.969817        0.969502       -1.115268        0.341592
