 # dimension de la red :          64
 # acoplamiento spines :  0.764444470    
 # campo externo       :   0.00000000    
 #                     
 #paso,  <mag.total>,<mag.cadena>,energ,calor esp
 #                     
       1       -0.994619       -0.994619       -1.513510        0.106445
       2       -0.994570       -0.994521       -1.513301        0.093262
       3       -0.994635       -0.994766       -1.513441        0.094401
       4       -0.994656       -0.994717       -1.513447        0.102539
       5       -0.994621       -0.994482       -1.513346        0.105859
       6       -0.994655       -0.994824       -1.513441        0.099772
       7       -0.994646       -0.994590       -1.513415        0.096959
       8       -0.994565       -0.994004       -1.513203        0.099976
       9       -0.994526       -0.994209       -1.513088        0.096354
      10       -0.994551       -0.994775       -1.513179        0.098242
      11       -0.994516       -0.994170       -1.513080        0.098011
      12       -0.994493       -0.994238       -1.513012        0.098551
      13       -0.994482       -0.994346       -1.512976        0.097055
      14       -0.994483       -0.994502       -1.512992        0.097447
      15       -0.994494       -0.994648       -1.513025        0.099284
      16       -0.994513       -0.994795       -1.513073        0.099854
      17       -0.994512       -0.994502       -1.513077        0.098977
      18       -0.994506       -0.994395       -1.513060        0.100043
      19       -0.994508       -0.994551       -1.513059        0.104287
      20       -0.994520       -0.994746       -1.513097        0.104443
      21       -0.994523       -0.994580       -1.513100        0.103144
      22       -0.994508       -0.994189       -1.513057        0.103072
      23       -0.994499       -0.994316       -1.513042        0.102539
      24       -0.994528       -0.995186       -1.513136        0.102295
      25       -0.994530       -0.994590       -1.513139        0.101992
      26       -0.994541       -0.994805       -1.513172        0.102689
      27       -0.994525       -0.994111       -1.513121        0.102503
      28       -0.994538       -0.994893       -1.513154        0.103306
      29       -0.994544       -0.994707       -1.513162        0.102876
      30       -0.994543       -0.994512       -1.513159        0.102604
      31       -0.994558       -0.995020       -1.513205        0.101531
      32       -0.994568       -0.994873       -1.513232        0.101227
      33       -0.994563       -0.994385       -1.513216        0.100823
      34       -0.994563       -0.994570       -1.513216        0.100557
      35       -0.994571       -0.994844       -1.513244        0.100363
      36       -0.994564       -0.994326       -1.513228        0.099582
      37       -0.994569       -0.994746       -1.513244        0.099029
      38       -0.994568       -0.994531       -1.513246        0.099378
      39       -0.994573       -0.994775       -1.513260        0.099810
      40       -0.994573       -0.994580       -1.513258        0.101196
      41       -0.994582       -0.994941       -1.513283        0.101872
      42       -0.994575       -0.994258       -1.513262        0.102632
      43       -0.994589       -0.995186       -1.513301        0.102335
      44       -0.994588       -0.994570       -1.513299        0.101230
      45       -0.994572       -0.993848       -1.513258        0.101411
      46       -0.994564       -0.994199       -1.513233        0.100947
      47       -0.994563       -0.994512       -1.513235        0.101188
      48       -0.994560       -0.994443       -1.513227        0.100891
      49       -0.994559       -0.994521       -1.513225        0.100925
      50       -0.994560       -0.994580       -1.513228        0.100781
      51       -0.994550       -0.994062       -1.513205        0.101065
      52       -0.994549       -0.994473       -1.513201        0.101581
      53       -0.994547       -0.994482       -1.513195        0.101968
      54       -0.994539       -0.994092       -1.513180        0.101581
      55       -0.994533       -0.994209       -1.513160        0.101509
      56       -0.994538       -0.994834       -1.513175        0.101161
      57       -0.994537       -0.994434       -1.513174        0.102025
      58       -0.994533       -0.994326       -1.513166        0.101461
      59       -0.994534       -0.994600       -1.513169        0.101447
      60       -0.994538       -0.994785       -1.513181        0.101139
      61       -0.994539       -0.994570       -1.513181        0.100906
      62       -0.994537       -0.994434       -1.513176        0.100617
      63       -0.994540       -0.994697       -1.513182        0.100493
      64       -0.994545       -0.994883       -1.513195        0.100922
      65       -0.994540       -0.994219       -1.513180        0.101382
      66       -0.994540       -0.994561       -1.513182        0.101015
      67       -0.994536       -0.994258       -1.513170        0.100907
      68       -0.994535       -0.994473       -1.513168        0.100859
      69       -0.994538       -0.994736       -1.513174        0.100784
      70       -0.994542       -0.994795       -1.513186        0.100725
      71       -0.994541       -0.994512       -1.513183        0.100462
      72       -0.994539       -0.994346       -1.513178        0.100410
      73       -0.994542       -0.994766       -1.513187        0.100305
      74       -0.994545       -0.994775       -1.513196        0.100216
      75       -0.994546       -0.994590       -1.513196        0.100026
      76       -0.994543       -0.994375       -1.513192        0.099622
      77       -0.994546       -0.994785       -1.513200        0.099571
      78       -0.994541       -0.994141       -1.513186        0.099434
      79       -0.994536       -0.994092       -1.513169        0.099560
      80       -0.994541       -0.995000       -1.513186        0.099329
      81       -0.994537       -0.994199       -1.513173        0.099139
      82       -0.994538       -0.994561       -1.513172        0.098514
      83       -0.994541       -0.994844       -1.513182        0.098303
      84       -0.994545       -0.994834       -1.513191        0.098447
      85       -0.994545       -0.994590       -1.513193        0.098541
      86       -0.994539       -0.994053       -1.513178        0.098973
      87       -0.994538       -0.994395       -1.513170        0.099374
      88       -0.994540       -0.994727       -1.513177        0.099077
      89       -0.994540       -0.994521       -1.513175        0.099138
      90       -0.994540       -0.994561       -1.513177        0.099262
      91       -0.994543       -0.994814       -1.513185        0.099234
      92       -0.994543       -0.994551       -1.513186        0.099599
      93       -0.994545       -0.994678       -1.513191        0.099840
      94       -0.994550       -0.995088       -1.513207        0.099630
      95       -0.994547       -0.994199       -1.513198        0.099969
      96       -0.994545       -0.994385       -1.513192        0.099843
      97       -0.994543       -0.994395       -1.513185        0.099710
      98       -0.994544       -0.994609       -1.513187        0.099619
      99       -0.994545       -0.994609       -1.513187        0.099698
     100       -0.994543       -0.994375       -1.513182        0.099512
