 # dimension de la red :          64
 # acoplamiento spines :  0.336666673    
 # campo externo       :   0.00000000    
 #                     
 #paso,  <mag.total>,<mag.cadena>,energ,calor esp
 #                     
       1        0.009834        0.009834       -0.281807        0.385284
       2        0.004448       -0.000937       -0.280702        0.449051
       3       -0.000205       -0.009512       -0.280008        0.431681
       4       -0.000952       -0.003193       -0.279371        0.429047
       5        0.000432        0.005967       -0.278511        0.418042
       6        0.002404        0.012266       -0.278483        0.407023
       7        0.000465       -0.011172       -0.278534        0.415405
       8        0.001434        0.008223       -0.278500        0.418018
       9        0.002077        0.007217       -0.279027        0.400004
      10        0.000531       -0.013379       -0.279072        0.393640
      11       -0.000750       -0.013564       -0.279038        0.391443
      12        0.000351        0.012461       -0.279013        0.380936
      13       -0.000074       -0.005166       -0.279059        0.392083
      14        0.000013        0.001143       -0.279170        0.392445
      15       -0.000570       -0.008740       -0.279305        0.405302
      16       -0.000314        0.003535       -0.279270        0.393900
      17       -0.000109        0.003164       -0.279465        0.394777
      18       -0.000006        0.001748       -0.279564        0.398068
      19        0.000336        0.006484       -0.279463        0.395135
      20        0.000501        0.003652       -0.279480        0.398439
      21       -0.000056       -0.011211       -0.279486        0.397739
      22        0.000035        0.001943       -0.279355        0.395530
      23       -0.000198       -0.005322       -0.279477        0.397758
      24       -0.000822       -0.015166       -0.279422        0.394329
      25       -0.001218       -0.010713       -0.279372        0.392175
      26       -0.001547       -0.009795       -0.279412        0.391355
      27       -0.001779       -0.007803       -0.279307        0.389592
      28       -0.002137       -0.011807       -0.279315        0.390341
      29       -0.002232       -0.004893       -0.279290        0.392468
      30       -0.002425       -0.008008       -0.279320        0.392393
      31       -0.002191        0.004814       -0.279312        0.394529
      32       -0.002291       -0.005391       -0.279268        0.397488
      33       -0.002066        0.005156       -0.279229        0.398318
      34       -0.001826        0.006074       -0.279222        0.397401
      35       -0.002190       -0.014570       -0.279216        0.398753
      36       -0.002455       -0.011719       -0.279247        0.400319
      37       -0.002379        0.000352       -0.279212        0.398622
      38       -0.002474       -0.005977       -0.279202        0.399849
      39       -0.002275        0.005273       -0.279205        0.404865
      40       -0.002290       -0.002852       -0.279230        0.403830
      41       -0.002319       -0.003516       -0.279221        0.403821
      42       -0.002116        0.006230       -0.279252        0.401667
      43       -0.002035        0.001377       -0.279244        0.401057
      44       -0.002002       -0.000596       -0.279208        0.398730
      45       -0.001756        0.009062       -0.279245        0.399451
      46       -0.001708        0.000459       -0.279223        0.399744
      47       -0.001608        0.002998       -0.279229        0.398943
      48       -0.001809       -0.011289       -0.279216        0.397010
      49       -0.001498        0.013447       -0.279222        0.396024
      50       -0.001498       -0.001514       -0.279269        0.396268
      51       -0.001495       -0.001309       -0.279255        0.396659
      52       -0.001721       -0.013262       -0.279306        0.395562
      53       -0.001799       -0.005859       -0.279316        0.392688
      54       -0.001863       -0.005254       -0.279303        0.392388
      55       -0.001669        0.008818       -0.279270        0.393329
      56       -0.001530        0.006104       -0.279263        0.395743
      57       -0.001340        0.009307       -0.279300        0.397276
      58       -0.001354       -0.002139       -0.279304        0.396822
      59       -0.001548       -0.012803       -0.279321        0.396314
      60       -0.001331        0.011436       -0.279315        0.395824
      61       -0.001484       -0.010664       -0.279309        0.395389
      62       -0.001464       -0.000244       -0.279305        0.396805
      63       -0.001454       -0.000830       -0.279296        0.396252
      64       -0.001295        0.008740       -0.279297        0.397677
      65       -0.001233        0.002754       -0.279297        0.396073
      66       -0.001401       -0.012344       -0.279321        0.396349
      67       -0.001404       -0.001611       -0.279325        0.397302
      68       -0.001354        0.002031       -0.279329        0.397832
      69       -0.001595       -0.017979       -0.279309        0.398938
      70       -0.001629       -0.004033       -0.279345        0.397652
      71       -0.001708       -0.007188       -0.279353        0.398763
      72       -0.001692       -0.000576       -0.279334        0.399461
      73       -0.001626        0.003105       -0.279322        0.400017
      74       -0.001356        0.018359       -0.279304        0.401008
      75       -0.001358       -0.001504       -0.279293        0.400422
      76       -0.001316        0.001865       -0.279294        0.399306
      77       -0.001125        0.013350       -0.279291        0.399118
      78       -0.001105        0.000469       -0.279281        0.399713
      79       -0.001202       -0.008750       -0.279278        0.399096
      80       -0.001180        0.000518       -0.279269        0.399909
      81       -0.001140        0.002080       -0.279271        0.401751
      82       -0.001242       -0.009541       -0.279264        0.400344
      83       -0.001042        0.015381       -0.279254        0.399255
      84       -0.001014        0.001299       -0.279270        0.396998
      85       -0.000970        0.002705       -0.279271        0.395381
      86       -0.001038       -0.006807       -0.279268        0.396936
      87       -0.000894        0.011484       -0.279277        0.398642
      88       -0.000900       -0.001406       -0.279267        0.398186
      89       -0.000811        0.007070       -0.279239        0.399830
      90       -0.000674        0.011465       -0.279236        0.399343
      91       -0.000702       -0.003174       -0.279232        0.397773
      92       -0.000691        0.000264       -0.279217        0.397409
      93       -0.000601        0.007734       -0.279237        0.398827
      94       -0.000636       -0.003906       -0.279256        0.399761
      95       -0.000724       -0.008975       -0.279229        0.399390
      96       -0.000656        0.005742       -0.279219        0.399070
      97       -0.000579        0.006865       -0.279205        0.399983
      98       -0.000581       -0.000781       -0.279214        0.401044
      99       -0.000713       -0.013701       -0.279224        0.400791
     100       -0.000846       -0.014004       -0.279220        0.400344
