 # dimension de la red :          64
 # acoplamiento spines :  0.150000006    
 # campo externo       :   0.00000000    
 #                     
 #paso,  <mag.total>,<mag.cadena>,energ,calor esp
 #                     
       1       -0.001104       -0.001104       -0.046749        0.041929
       2       -0.002339       -0.003574       -0.046992        0.045748
       3       -0.000947        0.001836       -0.047281        0.049500
       4        0.000090        0.003203       -0.047196        0.051948
       5        0.000414        0.001709       -0.047271        0.051644
       6        0.000179       -0.000996       -0.047253        0.051637
       7       -0.000279       -0.003027       -0.047188        0.051770
       8       -0.000404       -0.001279       -0.047143        0.051155
       9       -0.000706       -0.003125       -0.047086        0.051951
      10       -0.000824       -0.001885       -0.047020        0.051348
      11       -0.000839       -0.000986       -0.047091        0.051064
      12       -0.000776       -0.000088       -0.047104        0.050170
      13       -0.000873       -0.002031       -0.047126        0.050166
      14       -0.000789        0.000303       -0.047109        0.051694
      15       -0.000893       -0.002354       -0.047101        0.051618
      16       -0.001166       -0.005264       -0.047050        0.051518
      17       -0.000949        0.002529       -0.047002        0.050965
      18       -0.001144       -0.004453       -0.046995        0.050500
      19       -0.000942        0.002695       -0.046964        0.050490
      20       -0.001131       -0.004727       -0.046987        0.049768
      21       -0.001012        0.001357       -0.046981        0.049085
      22       -0.000917        0.001094       -0.046954        0.048881
      23       -0.000777        0.002285       -0.046937        0.048416
      24       -0.000833       -0.002109       -0.046874        0.048541
      25       -0.000651        0.003711       -0.046862        0.048532
      26       -0.000650       -0.000625       -0.046891        0.048461
      27       -0.000691       -0.001748       -0.046873        0.048903
      28       -0.000705       -0.001094       -0.046861        0.048710
      29       -0.000798       -0.003408       -0.046843        0.048804
      30       -0.000900       -0.003838       -0.046854        0.048433
      31       -0.000966       -0.002969       -0.046823        0.047945
      32       -0.000948       -0.000361       -0.046814        0.047775
      33       -0.000855        0.002119       -0.046787        0.047907
      34       -0.000752        0.002627       -0.046785        0.047731
      35       -0.000727        0.000127       -0.046773        0.048395
      36       -0.000609        0.003516       -0.046754        0.049134
      37       -0.000502        0.003350       -0.046771        0.049412
      38       -0.000466        0.000879       -0.046781        0.049206
      39       -0.000382        0.002813       -0.046756        0.049136
      40       -0.000320        0.002109       -0.046735        0.048559
      41       -0.000227        0.003457       -0.046751        0.048685
      42       -0.000246       -0.001006       -0.046747        0.048692
      43       -0.000122        0.005068       -0.046733        0.048945
      44       -0.000084        0.001563       -0.046731        0.048770
      45       -0.000249       -0.007510       -0.046733        0.048944
      46       -0.000259       -0.000684       -0.046718        0.049235
      47       -0.000133        0.005645       -0.046718        0.049089
      48       -0.000130        0.000010       -0.046707        0.048989
      49       -0.000017        0.005391       -0.046690        0.049136
      50       -0.000026       -0.000469       -0.046680        0.049184
      51        0.000108        0.006836       -0.046687        0.049275
      52        0.000157        0.002646       -0.046706        0.049727
      53        0.000109       -0.002393       -0.046727        0.049814
      54        0.000096       -0.000596       -0.046730        0.050087
      55        0.000107        0.000723       -0.046732        0.049895
      56        0.000089       -0.000937       -0.046733        0.049736
      57        0.000184        0.005518       -0.046724        0.050073
      58        0.000250        0.004033       -0.046727        0.050076
      59        0.000186       -0.003535       -0.046732        0.050058
      60        0.000140       -0.002568       -0.046754        0.050216
      61        0.000154        0.001006       -0.046750        0.050448
      62        0.000073       -0.004893       -0.046743        0.050602
      63        0.000076        0.000293       -0.046737        0.050722
      64        0.000132        0.003604       -0.046730        0.050886
      65        0.000130        0.000010       -0.046724        0.050723
      66        0.000134        0.000430       -0.046716        0.050892
      67        0.000123       -0.000586       -0.046713        0.050774
      68        0.000130        0.000547       -0.046708        0.050751
      69        0.000100       -0.001924       -0.046708        0.050774
      70        0.000084       -0.001016       -0.046701        0.050628
      71        0.000039       -0.003105       -0.046704        0.050545
      72        0.000071        0.002314       -0.046701        0.050633
      73        0.000070        0.000039       -0.046699        0.050771
      74        0.000090        0.001543       -0.046694        0.050767
      75        0.000091        0.000146       -0.046670        0.050702
      76        0.000141        0.003906       -0.046680        0.050705
      77        0.000143        0.000264       -0.046675        0.051004
      78        0.000166        0.001953       -0.046667        0.050827
      79        0.000156       -0.000615       -0.046664        0.050561
      80        0.000168        0.001084       -0.046672        0.050418
      81        0.000169        0.000264       -0.046668        0.050322
      82        0.000164       -0.000225       -0.046662        0.050417
      83        0.000175        0.001084       -0.046652        0.050240
      84        0.000182        0.000791       -0.046656        0.050303
      85        0.000171       -0.000820       -0.046660        0.050210
      86        0.000161       -0.000625       -0.046662        0.050054
      87        0.000201        0.003613       -0.046663        0.049900
      88        0.000178       -0.001816       -0.046655        0.049740
      89        0.000173       -0.000244       -0.046644        0.049761
      90        0.000239        0.006094       -0.046642        0.049754
      91        0.000243        0.000557       -0.046641        0.049824
      92        0.000247        0.000684       -0.046639        0.050016
      93        0.000232       -0.001162       -0.046635        0.050007
      94        0.000223       -0.000625       -0.046637        0.050041
      95        0.000210       -0.001006       -0.046633        0.049965
      96        0.000212        0.000391       -0.046628        0.049829
      97        0.000209       -0.000088       -0.046627        0.049844
      98        0.000239        0.003174       -0.046637        0.049785
      99        0.000249        0.001201       -0.046640        0.049708
     100        0.000254        0.000762       -0.046641        0.049690
