 # dimension de la red :          64
 # acoplamiento spines :  0.448888898    
 # campo externo       :   0.00000000    
 #                     
 #paso,  <mag.total>,<mag.cadena>,energ,calor esp
 #                     
       1       -0.735273       -0.735273       -0.671860        1.277588
       2       -0.736226       -0.737178       -0.674149        1.389343
       3       -0.741898       -0.753242       -0.675826        1.398193
       4       -0.740200       -0.735107       -0.674497        1.348053
       5       -0.738574       -0.732070       -0.674291        1.398120
       6       -0.738504       -0.738154       -0.674450        1.462626
       7       -0.736479       -0.724326       -0.674302        1.511073
       8       -0.737827       -0.747266       -0.674838        1.491562
       9       -0.737657       -0.736299       -0.675311        1.474311
      10       -0.739691       -0.757998       -0.675725        1.434375
      11       -0.738967       -0.731728       -0.675381        1.479581
      12       -0.738458       -0.732852       -0.675129        1.433105
      13       -0.737981       -0.732266       -0.674901        1.422701
      14       -0.738613       -0.746816       -0.675091        1.405971
      15       -0.737611       -0.723584       -0.674906        1.466870
      16       -0.737979       -0.743506       -0.674835        1.511589
      17       -0.737291       -0.726289       -0.674883        1.544067
      18       -0.735412       -0.703467       -0.674595        1.604709
      19       -0.735200       -0.731377       -0.674333        1.574418
      20       -0.735532       -0.741836       -0.674472        1.564380
      21       -0.734978       -0.723897       -0.674430        1.546648
      22       -0.734919       -0.733691       -0.674382        1.563621
      23       -0.735611       -0.750840       -0.674610        1.573492
      24       -0.735735       -0.738584       -0.674615        1.564280
      25       -0.736068       -0.744043       -0.674666        1.553730
      26       -0.735507       -0.721504       -0.674571        1.564721
      27       -0.735602       -0.738057       -0.674622        1.552685
      28       -0.735115       -0.721982       -0.674548        1.558594
      29       -0.735169       -0.736660       -0.674466        1.560791
      30       -0.733342       -0.680361       -0.674407        1.581942
      31       -0.734017       -0.754277       -0.674588        1.612635
      32       -0.734014       -0.733926       -0.674577        1.589706
      33       -0.734754       -0.758438       -0.674686        1.606368
      34       -0.735248       -0.751543       -0.674650        1.610937
      35       -0.716593       -0.082324       -0.674628        1.628746
      36       -0.675862        0.749727       -0.674760        1.618089
      37       -0.637827        0.731445       -0.674711        1.620879
      38       -0.601283        0.750820       -0.674790        1.623220
      39       -0.567080        0.732646       -0.674803        1.622728
      40       -0.540179        0.508975       -0.674952        1.640945
      41       -0.544234       -0.706445       -0.674765        1.637582
      42       -0.546978       -0.659473       -0.674523        1.670213
      43       -0.551240       -0.730234       -0.674489        1.662288
      44       -0.555267       -0.728447       -0.674375        1.668463
      45       -0.559512       -0.746279       -0.674330        1.667041
      46       -0.563915       -0.762061       -0.674422        1.662040
      47       -0.567151       -0.716016       -0.674287        1.662951
      48       -0.570601       -0.732734       -0.674190        1.675855
      49       -0.574195       -0.746709       -0.674138        1.677343
      50       -0.577905       -0.759717       -0.674262        1.675894
      51       -0.581056       -0.738613       -0.674228        1.671660
      52       -0.583972       -0.732676       -0.674267        1.670389
      53       -0.586608       -0.723662       -0.674193        1.663259
      54       -0.589957       -0.767490       -0.674332        1.659345
      55       -0.592467       -0.727998       -0.674249        1.670912
      56       -0.594941       -0.730977       -0.674268        1.676583
      57       -0.597408       -0.735605       -0.674256        1.680938
      58       -0.599983       -0.746729       -0.674266        1.676379
      59       -0.602591       -0.753838       -0.674317        1.668211
      60       -0.605098       -0.753057       -0.674363        1.668957
      61       -0.607372       -0.743760       -0.674362        1.664062
      62       -0.609569       -0.743643       -0.674391        1.653303
      63       -0.611580       -0.736211       -0.674345        1.643570
      64       -0.613669       -0.745303       -0.674359        1.640266
      65       -0.615601       -0.739228       -0.674370        1.635583
      66       -0.617646       -0.750566       -0.674475        1.633401
      67       -0.618075       -0.646416       -0.674411        1.638812
      68       -0.620137       -0.758291       -0.674468        1.648353
      69       -0.622066       -0.753271       -0.674478        1.648860
      70       -0.623860       -0.747627       -0.674476        1.644768
      71       -0.625801       -0.761650       -0.674543        1.640929
      72       -0.627163       -0.723877       -0.674511        1.635946
      73       -0.628536       -0.727393       -0.674460        1.634341
      74       -0.629993       -0.736348       -0.674467        1.636466
      75       -0.631466       -0.740459       -0.674448        1.642788
      76       -0.632765       -0.730215       -0.674405        1.639550
      77       -0.634237       -0.746055       -0.674424        1.637591
      78       -0.635776       -0.754326       -0.674449        1.633371
      79       -0.637268       -0.753643       -0.674466        1.633644
      80       -0.638272       -0.717617       -0.674483        1.645540
      81       -0.639708       -0.754521       -0.674528        1.648391
      82       -0.640981       -0.744111       -0.674521        1.648281
      83       -0.642160       -0.738818       -0.674536        1.653081
      84       -0.642308       -0.654639       -0.674510        1.657917
      85       -0.626846        0.672002       -0.674465        1.670774
      86       -0.610801        0.752969       -0.674494        1.671475
      87       -0.595255        0.741777       -0.674495        1.668888
      88       -0.580092        0.739053       -0.674522        1.666399
      89       -0.565175        0.747480       -0.674516        1.668468
      90       -0.550541        0.751885       -0.674555        1.670212
      91       -0.536479        0.729111       -0.674499        1.668507
      92       -0.522542        0.745732       -0.674527        1.665884
      93       -0.509036        0.733516       -0.674558        1.670624
      94       -0.495880        0.727656       -0.674549        1.673036
      95       -0.483011        0.726650       -0.674515        1.673342
      96       -0.470049        0.761367       -0.674571        1.669963
      97       -0.457563        0.741055       -0.674582        1.667326
      98       -0.445267        0.747432       -0.674603        1.676048
      99       -0.433403        0.729346       -0.674584        1.680082
     100       -0.421650        0.741895       -0.674590        1.680088
