 # dimension de la red :          64
 # acoplamiento spines :   9.99999978E-03
 # campo externo       :   0.00000000    
 #                     
 #paso,  <mag.total>,<mag.cadena>,energ,calor esp
 #                     
       1        0.003057        0.003057       -0.000201        0.000186
       2        0.002744        0.002432       -0.000210        0.000189
       3        0.000752       -0.003232       -0.000223        0.000207
       4        0.000974        0.001641       -0.000210        0.000188
       5        0.001078        0.001494       -0.000202        0.000204
       6        0.001213        0.001885       -0.000192        0.000217
       7        0.001070        0.000215       -0.000189        0.000221
       8        0.000717       -0.001758       -0.000196        0.000215
       9        0.001015        0.003398       -0.000199        0.000213
      10        0.000973        0.000596       -0.000199        0.000210
      11        0.000861       -0.000254       -0.000201        0.000207
      12        0.000741       -0.000576       -0.000202        0.000206
      13        0.000906        0.002881       -0.000208        0.000205
      14        0.000942        0.001406       -0.000208        0.000201
      15        0.000812       -0.001006       -0.000208        0.000203
      16        0.000639       -0.001953       -0.000210        0.000204
      17        0.000540       -0.001045       -0.000206        0.000207
      18        0.000482       -0.000508       -0.000207        0.000208
      19        0.000449       -0.000137       -0.000206        0.000209
      20        0.000445        0.000361       -0.000205        0.000210
      21        0.000445        0.000439       -0.000204        0.000209
      22        0.000463        0.000859       -0.000204        0.000208
      23        0.000512        0.001582       -0.000205        0.000206
      24        0.000493        0.000059       -0.000202        0.000206
      25        0.000561        0.002197       -0.000200        0.000205
      26        0.000652        0.002910       -0.000200        0.000207
      27        0.000531       -0.002617       -0.000198        0.000207
      28        0.000693        0.005078       -0.000198        0.000206
      29        0.000736        0.001953       -0.000198        0.000207
      30        0.000907        0.005859       -0.000199        0.000206
      31        0.000776       -0.003174       -0.000200        0.000205
      32        0.000583       -0.005400       -0.000200        0.000206
      33        0.000597        0.001074       -0.000197        0.000205
      34        0.000549       -0.001035       -0.000197        0.000206
      35        0.000543        0.000312       -0.000198        0.000204
      36        0.000473       -0.001982       -0.000197        0.000201
      37        0.000423       -0.001367       -0.000197        0.000201
      38        0.000386       -0.000977       -0.000196        0.000200
      39        0.000371       -0.000186       -0.000195        0.000201
      40        0.000439        0.003096       -0.000195        0.000202
      41        0.000372       -0.002324       -0.000195        0.000203
      42        0.000335       -0.001191       -0.000195        0.000203
      43        0.000362        0.001494       -0.000195        0.000202
      44        0.000362        0.000371       -0.000195        0.000201
      45        0.000218       -0.006123       -0.000196        0.000201
      46        0.000209       -0.000176       -0.000196        0.000203
      47        0.000257        0.002451       -0.000196        0.000202
      48        0.000174       -0.003750       -0.000196        0.000202
      49        0.000167       -0.000137       -0.000196        0.000203
      50        0.000187        0.001133       -0.000197        0.000202
      51        0.000197        0.000723       -0.000196        0.000203
      52        0.000182       -0.000566       -0.000196        0.000202
      53        0.000202        0.001240       -0.000195        0.000202
      54        0.000186       -0.000693       -0.000196        0.000203
      55        0.000167       -0.000850       -0.000196        0.000204
      56        0.000191        0.001514       -0.000196        0.000204
      57        0.000284        0.005479       -0.000196        0.000204
      58        0.000238       -0.002354       -0.000196        0.000204
      59        0.000242        0.000469       -0.000197        0.000204
      60        0.000240        0.000137       -0.000196        0.000204
      61        0.000285        0.002979       -0.000196        0.000204
      62        0.000276       -0.000312       -0.000196        0.000205
      63        0.000254       -0.001094       -0.000197        0.000204
      64        0.000322        0.004619       -0.000197        0.000204
      65        0.000308       -0.000566       -0.000197        0.000205
      66        0.000323        0.001289       -0.000196        0.000205
      67        0.000324        0.000381       -0.000197        0.000204
      68        0.000296       -0.001563       -0.000197        0.000205
      69        0.000301        0.000586       -0.000198        0.000204
      70        0.000307        0.000781       -0.000198        0.000203
      71        0.000266       -0.002627       -0.000198        0.000203
      72        0.000276        0.000977       -0.000198        0.000203
      73        0.000263       -0.000674       -0.000198        0.000203
      74        0.000249       -0.000781       -0.000198        0.000203
      75        0.000196       -0.003730       -0.000198        0.000203
      76        0.000177       -0.001201       -0.000198        0.000203
      77        0.000208        0.002520       -0.000199        0.000203
      78        0.000222        0.001309       -0.000199        0.000203
      79        0.000208       -0.000898       -0.000199        0.000202
      80        0.000233        0.002188       -0.000199        0.000202
      81        0.000197       -0.002637       -0.000199        0.000201
      82        0.000198        0.000264       -0.000199        0.000201
      83        0.000227        0.002637       -0.000199        0.000201
      84        0.000209       -0.001289       -0.000199        0.000202
      85        0.000184       -0.001943       -0.000200        0.000201
      86        0.000184        0.000156       -0.000199        0.000201
      87        0.000287        0.009170       -0.000200        0.000202
      88        0.000267       -0.001436       -0.000200        0.000202
      89        0.000269        0.000449       -0.000200        0.000202
      90        0.000322        0.005039       -0.000200        0.000201
      91        0.000312       -0.000605       -0.000200        0.000201
      92        0.000285       -0.002178       -0.000200        0.000201
      93        0.000275       -0.000684       -0.000200        0.000201
      94        0.000265       -0.000615       -0.000200        0.000200
      95        0.000308        0.004365       -0.000200        0.000200
      96        0.000321        0.001523       -0.000199        0.000201
      97        0.000309       -0.000830       -0.000199        0.000201
      98        0.000342        0.003574       -0.000198        0.000201
      99        0.000335       -0.000371       -0.000198        0.000201
     100        0.000327       -0.000449       -0.000197        0.000201
