 # dimension de la red :          64
 # acoplamiento spines :  0.103333332    
 # campo externo       :   0.00000000    
 #                     
 #paso,  <mag.total>,<mag.cadena>,energ,calor esp
 #                     
       1       -0.003857       -0.003857       -0.022047        0.023715
       2       -0.004434       -0.005010       -0.021927        0.022752
       3       -0.004385       -0.004287       -0.021837        0.024355
       4       -0.003091        0.000791       -0.021800        0.023507
       5       -0.002592       -0.000596       -0.021911        0.022950
       6       -0.002020        0.000840       -0.021927        0.023487
       7       -0.001670        0.000430       -0.021846        0.022385
       8       -0.001946       -0.003877       -0.021812        0.022341
       9       -0.002001       -0.002441       -0.021782        0.022539
      10       -0.001668        0.001328       -0.021752        0.022460
      11       -0.001480        0.000400       -0.021787        0.022632
      12       -0.000902        0.005459       -0.021770        0.023022
      13       -0.001147       -0.004092       -0.021751        0.022694
      14       -0.001069       -0.000049       -0.021769        0.022986
      15       -0.001221       -0.003350       -0.021814        0.022920
      16       -0.001242       -0.001563       -0.021803        0.023194
      17       -0.001101        0.001162       -0.021816        0.023038
      18       -0.001247       -0.003730       -0.021793        0.023479
      19       -0.000944        0.004512       -0.021801        0.023382
      20       -0.000907       -0.000205       -0.021793        0.023553
      21       -0.000994       -0.002734       -0.021821        0.023568
      22       -0.001066       -0.002588       -0.021798        0.023238
      23       -0.001048       -0.000645       -0.021806        0.023479
      24       -0.001070       -0.001572       -0.021812        0.023242
      25       -0.001023        0.000088       -0.021781        0.023518
      26       -0.000909        0.001963       -0.021783        0.023583
      27       -0.000799        0.002051       -0.021782        0.023645
      28       -0.000788       -0.000498       -0.021777        0.023355
      29       -0.000611        0.004355       -0.021783        0.023692
      30       -0.000602       -0.000352       -0.021777        0.023381
      31       -0.000524        0.001836       -0.021784        0.023503
      32       -0.000435        0.002324       -0.021788        0.023337
      33       -0.000408        0.000449       -0.021798        0.023258
      34       -0.000361        0.001191       -0.021794        0.023343
      35       -0.000537       -0.006523       -0.021819        0.023277
      36       -0.000512        0.000371       -0.021825        0.023537
      37       -0.000637       -0.005146       -0.021812        0.023507
      38       -0.000568        0.001982       -0.021817        0.023541
      39       -0.000494        0.002324       -0.021802        0.023403
      40       -0.000520       -0.001533       -0.021796        0.023287
      41       -0.000434        0.003008       -0.021797        0.023444
      42       -0.000397        0.001123       -0.021798        0.023355
      43       -0.000324        0.002744       -0.021805        0.023255
      44       -0.000187        0.005703       -0.021811        0.023124
      45       -0.000198       -0.000684       -0.021798        0.023146
      46       -0.000321       -0.005850       -0.021794        0.023010
      47       -0.000440       -0.005918       -0.021786        0.022959
      48       -0.000431        0.000000       -0.021784        0.022856
      49       -0.000444       -0.001074       -0.021787        0.022838
      50       -0.000378        0.002842       -0.021787        0.022838
      51       -0.000315        0.002852       -0.021785        0.022775
      52       -0.000361       -0.002715       -0.021786        0.022839
      53       -0.000383       -0.001563       -0.021790        0.022853
      54       -0.000306        0.003779       -0.021781        0.022795
      55       -0.000280        0.001123       -0.021782        0.022794
      56       -0.000289       -0.000791       -0.021785        0.022734
      57       -0.000186        0.005615       -0.021782        0.022681
      58       -0.000199       -0.000918       -0.021777        0.022661
      59       -0.000234       -0.002295       -0.021775        0.022576
      60       -0.000191        0.002373       -0.021779        0.022454
      61       -0.000248       -0.003682       -0.021776        0.022388
      62       -0.000232        0.000762       -0.021779        0.022314
      63       -0.000225        0.000176       -0.021774        0.022306
      64       -0.000178        0.002793       -0.021775        0.022269
      65       -0.000221       -0.002998       -0.021776        0.022288
      66       -0.000197        0.001357       -0.021773        0.022309
      67       -0.000233       -0.002588       -0.021767        0.022217
      68       -0.000243       -0.000918       -0.021769        0.022344
      69       -0.000297       -0.003945       -0.021770        0.022298
      70       -0.000309       -0.001162       -0.021768        0.022296
      71       -0.000303        0.000127       -0.021773        0.022185
      72       -0.000350       -0.003682       -0.021773        0.022242
      73       -0.000271        0.005439       -0.021774        0.022268
      74       -0.000242        0.001865       -0.021771        0.022389
      75       -0.000235        0.000303       -0.021771        0.022303
      76       -0.000237       -0.000430       -0.021771        0.022310
      77       -0.000275       -0.003184       -0.021762        0.022206
      78       -0.000274       -0.000137       -0.021762        0.022189
      79       -0.000250        0.001582       -0.021754        0.022227
      80       -0.000253       -0.000459       -0.021750        0.022131
      81       -0.000192        0.004639       -0.021752        0.022047
      82       -0.000177        0.001064       -0.021751        0.022066
      83       -0.000200       -0.002061       -0.021753        0.022088
      84       -0.000167        0.002529       -0.021752        0.022040
      85       -0.000272       -0.009072       -0.021746        0.022086
      86       -0.000261        0.000645       -0.021747        0.022108
      87       -0.000229        0.002510       -0.021748        0.022170
      88       -0.000209        0.001543       -0.021751        0.022249
      89       -0.000223       -0.001416       -0.021758        0.022253
      90       -0.000180        0.003662       -0.021746        0.022236
      91       -0.000169        0.000781       -0.021742        0.022235
      92       -0.000164        0.000283       -0.021741        0.022155
      93       -0.000192       -0.002725       -0.021743        0.022138
      94       -0.000176        0.001250       -0.021746        0.022080
      95       -0.000184       -0.000879       -0.021746        0.022041
      96       -0.000189       -0.000703       -0.021749        0.022071
      97       -0.000182        0.000508       -0.021742        0.022086
      98       -0.000172        0.000840       -0.021742        0.022098
      99       -0.000166        0.000400       -0.021744        0.022056
     100       -0.000204       -0.003945       -0.021747        0.022023
