 # dimension de la red :          64
 # acoplamiento spines :  0.646666646    
 # campo externo       :   0.00000000    
 #                     
 #paso,  <mag.total>,<mag.cadena>,energ,calor esp
 #                     
       1       -0.983545       -0.983545       -1.255114        0.248535
       2       -0.983516       -0.983486       -1.255177        0.243652
       3       -0.983506       -0.983486       -1.255177        0.221029
       4       -0.983491       -0.983447       -1.255111        0.231812
       5       -0.983361       -0.982842       -1.254788        0.221875
       6       -0.983355       -0.983320       -1.254872        0.216227
       7       -0.983333       -0.983203       -1.254799        0.216657
       8       -0.983367       -0.983604       -1.254849        0.216858
       9       -0.983283       -0.982617       -1.254637        0.219998
      10       -0.983426       -0.984707       -1.254946        0.216650
      11       -0.983400       -0.983145       -1.254870        0.213867
      12       -0.983403       -0.983437       -1.254900        0.221232
      13       -0.983378       -0.983076       -1.254831        0.219727
      14       -0.983396       -0.983633       -1.254864        0.219273
      15       -0.983380       -0.983145       -1.254825        0.225749
      16       -0.983419       -0.984014       -1.254937        0.222809
      17       -0.983420       -0.983437       -1.254972        0.223460
      18       -0.983392       -0.982910       -1.254927        0.224311
      19       -0.983377       -0.983115       -1.254896        0.227436
      20       -0.983415       -0.984141       -1.254978        0.226978
      21       -0.983428       -0.983682       -1.255003        0.224075
      22       -0.983417       -0.983174       -1.254974        0.223366
      23       -0.983425       -0.983613       -1.254993        0.219981
      24       -0.983471       -0.984522       -1.255096        0.219604
      25       -0.983480       -0.983691       -1.255116        0.218809
      26       -0.983513       -0.984355       -1.255192        0.220647
      27       -0.983504       -0.983271       -1.255171        0.219998
      28       -0.983527       -0.984131       -1.255224        0.222220
      29       -0.983501       -0.982793       -1.255158        0.221848
      30       -0.983535       -0.984502       -1.255230        0.223861
      31       -0.983559       -0.984287       -1.255278        0.223822
      32       -0.983554       -0.983408       -1.255279        0.221786
      33       -0.983571       -0.984102       -1.255307        0.219904
      34       -0.983582       -0.983936       -1.255329        0.219841
      35       -0.983579       -0.983477       -1.255350        0.219420
      36       -0.983591       -0.984014       -1.255378        0.216539
      37       -0.983581       -0.983242       -1.255361        0.219106
      38       -0.983602       -0.984365       -1.255409        0.219906
      39       -0.983589       -0.983076       -1.255385        0.219864
      40       -0.983567       -0.982715       -1.255338        0.222546
      41       -0.983571       -0.983760       -1.255350        0.222418
      42       -0.983564       -0.983281       -1.255338        0.223307
      43       -0.983577       -0.984111       -1.255374        0.223735
      44       -0.983573       -0.983398       -1.255360        0.222734
      45       -0.983545       -0.982295       -1.255303        0.223622
      46       -0.983529       -0.982842       -1.255273        0.224482
      47       -0.983522       -0.983184       -1.255267        0.224651
      48       -0.983514       -0.983135       -1.255254        0.224843
      49       -0.983507       -0.983174       -1.255238        0.224659
      50       -0.983502       -0.983252       -1.255227        0.224297
      51       -0.983480       -0.982393       -1.255195        0.225816
      52       -0.983491       -0.984023       -1.255211        0.226290
      53       -0.983499       -0.983936       -1.255227        0.226148
      54       -0.983490       -0.982998       -1.255216        0.226264
      55       -0.983487       -0.983340       -1.255214        0.225994
      56       -0.983491       -0.983721       -1.255226        0.225708
      57       -0.983494       -0.983672       -1.255237        0.226494
      58       -0.983488       -0.983096       -1.255220        0.226436
      59       -0.983487       -0.983467       -1.255214        0.226819
      60       -0.983489       -0.983613       -1.255218        0.226034
      61       -0.983484       -0.983174       -1.255200        0.226442
      62       -0.983480       -0.983252       -1.255191        0.225373
      63       -0.983483       -0.983643       -1.255196        0.223896
      64       -0.983486       -0.983691       -1.255200        0.224388
      65       -0.983482       -0.983203       -1.255190        0.225218
      66       -0.983487       -0.983848       -1.255196        0.224521
      67       -0.983482       -0.983115       -1.255182        0.225229
      68       -0.983489       -0.983965       -1.255196        0.224746
      69       -0.983488       -0.983447       -1.255196        0.224751
      70       -0.983499       -0.984209       -1.255216        0.224588
      71       -0.983497       -0.983398       -1.255209        0.224809
      72       -0.983492       -0.983135       -1.255203        0.224555
      73       -0.983495       -0.983721       -1.255208        0.224355
      74       -0.983500       -0.983828       -1.255214        0.224326
      75       -0.983500       -0.983555       -1.255213        0.224284
      76       -0.983503       -0.983682       -1.255219        0.223935
      77       -0.983520       -0.984863       -1.255254        0.223183
      78       -0.983514       -0.983018       -1.255242        0.223163
      79       -0.983511       -0.983291       -1.255236        0.223497
      80       -0.983515       -0.983848       -1.255248        0.223932
      81       -0.983515       -0.983467       -1.255247        0.224380
      82       -0.983521       -0.984004       -1.255255        0.224181
      83       -0.983523       -0.983730       -1.255259        0.223927
      84       -0.983536       -0.984629       -1.255285        0.223871
      85       -0.983535       -0.983389       -1.255283        0.224472
      86       -0.983537       -0.983760       -1.255289        0.223656
      87       -0.983533       -0.983203       -1.255281        0.223655
      88       -0.983535       -0.983633       -1.255286        0.223483
      89       -0.983532       -0.983350       -1.255282        0.222925
      90       -0.983533       -0.983604       -1.255284        0.222776
      91       -0.983529       -0.983164       -1.255281        0.223187
      92       -0.983531       -0.983701       -1.255288        0.223362
      93       -0.983524       -0.982900       -1.255273        0.223733
      94       -0.983522       -0.983262       -1.255268        0.223581
      95       -0.983518       -0.983174       -1.255259        0.224471
      96       -0.983514       -0.983105       -1.255250        0.224360
      97       -0.983513       -0.983486       -1.255247        0.224242
      98       -0.983516       -0.983799       -1.255253        0.223937
      99       -0.983513       -0.983223       -1.255245        0.223978
     100       -0.983512       -0.983350       -1.255238        0.223813
