 # dimension de la red :          64
 # acoplamiento spines :  0.446666658    
 # campo externo       :   0.00000000    
 #                     
 #paso,  <mag.total>,<mag.cadena>,energ,calor esp
 #                     
       1       -0.704902       -0.704902       -0.661206        1.518799
       2       -0.719141       -0.733379       -0.663605        1.500366
       3       -0.723571       -0.732432       -0.663870        1.397664
       4       -0.722327       -0.718594       -0.662851        1.353729
       5       -0.721516       -0.718271       -0.663134        1.475220
       6       -0.723053       -0.730742       -0.663492        1.514709
       7       -0.725442       -0.739775       -0.663862        1.525024
       8       -0.725333       -0.724570       -0.664275        1.578934
       9       -0.721669       -0.692353       -0.664300        1.643528
      10       -0.720448       -0.709463       -0.664392        1.626099
      11       -0.713316       -0.641992       -0.663816        1.679244
      12       -0.594272        0.715215       -0.663714        1.623505
      13       -0.493001        0.722246       -0.663523        1.593881
      14       -0.408135        0.695127       -0.663372        1.597979
      15       -0.332989        0.719053       -0.663274        1.643034
      16       -0.268059        0.705898       -0.663127        1.668343
      17       -0.215219        0.630205       -0.663225        1.708180
      18       -0.242823       -0.712090       -0.663170        1.746779
      19       -0.268486       -0.730420       -0.663057        1.724584
      20       -0.291865       -0.736064       -0.663320        1.730847
      21       -0.308802       -0.647529       -0.663029        1.770037
      22       -0.327344       -0.716738       -0.662952        1.754766
      23       -0.343938       -0.709004       -0.663063        1.757563
      24       -0.359486       -0.717090       -0.663123        1.746480
      25       -0.372874       -0.694189       -0.663100        1.735117
      26       -0.385694       -0.706182       -0.663000        1.733952
      27       -0.397935       -0.716211       -0.663179        1.719505
      28       -0.407836       -0.675166       -0.663073        1.727286
      29       -0.418017       -0.703086       -0.662908        1.747639
      30       -0.428202       -0.723545       -0.663009        1.740206
      31       -0.437639       -0.720762       -0.663087        1.762884
      32       -0.446213       -0.712012       -0.663079        1.744331
      33       -0.453965       -0.702031       -0.663052        1.759433
      34       -0.460699       -0.682910       -0.662804        1.785379
      35       -0.468297       -0.726621       -0.662896        1.787008
      36       -0.475989       -0.745205       -0.663166        1.780945
      37       -0.481528       -0.680938       -0.663116        1.787647
      38       -0.488037       -0.728877       -0.663206        1.788892
      39       -0.494412       -0.736689       -0.663280        1.788990
      40       -0.499682       -0.705176       -0.663396        1.793256
      41       -0.504679       -0.704570       -0.663282        1.795136
      42       -0.509862       -0.722373       -0.663235        1.794384
      43       -0.514084       -0.691387       -0.663161        1.793389
      44       -0.517945       -0.683965       -0.663036        1.791351
      45       -0.522452       -0.720791       -0.663014        1.787248
      46       -0.526582       -0.712422       -0.662994        1.793040
      47       -0.529796       -0.677627       -0.662819        1.785520
      48       -0.533397       -0.702646       -0.662710        1.799728
      49       -0.536555       -0.688145       -0.662571        1.802851
      50       -0.539724       -0.695029       -0.662579        1.809812
      51       -0.543344       -0.724307       -0.662601        1.803610
      52       -0.546236       -0.693750       -0.662581        1.795563
      53       -0.549677       -0.728584       -0.662592        1.780964
      54       -0.553034       -0.730996       -0.662677        1.781510
      55       -0.556242       -0.729453       -0.662694        1.782817
      56       -0.558967       -0.708818       -0.662705        1.788542
      57       -0.561752       -0.717705       -0.662694        1.785760
      58       -0.558424       -0.368740       -0.662613        1.805980
      59       -0.537616        0.669209       -0.662571        1.811048
      60       -0.516706        0.716992       -0.662574        1.813733
      61       -0.496124        0.738799       -0.662603        1.808916
      62       -0.476469        0.722500       -0.662635        1.796651
      63       -0.457495        0.718887       -0.662594        1.794815
      64       -0.439165        0.715645       -0.662609        1.793976
      65       -0.421139        0.732500       -0.662632        1.790702
      66       -0.403811        0.722529       -0.662751        1.782450
      67       -0.386974        0.724268       -0.662773        1.778641
      68       -0.370912        0.705225       -0.662764        1.800397
      69       -0.355124        0.718447       -0.662783        1.800610
      70       -0.339744        0.721465       -0.662764        1.796113
      71       -0.336345       -0.098359       -0.662679        1.806419
      72       -0.341630       -0.716865       -0.662662        1.801580
      73       -0.346188       -0.674355       -0.662558        1.796492
      74       -0.351319       -0.725947       -0.662582        1.792563
      75       -0.356132       -0.712275       -0.662580        1.794492
      76       -0.360534       -0.690664       -0.662525        1.797339
      77       -0.365181       -0.718340       -0.662525        1.801287
      78       -0.369536       -0.704883       -0.662498        1.799822
      79       -0.374107       -0.730625       -0.662522        1.797549
      80       -0.378346       -0.713281       -0.662595        1.810422
      81       -0.382609       -0.723603       -0.662641        1.812055
      82       -0.386915       -0.735752       -0.662676        1.806225
      83       -0.391059       -0.730840       -0.662727        1.808000
      84       -0.395047       -0.726074       -0.662804        1.812747
      85       -0.383832        0.558271       -0.662748        1.814228
      86       -0.371076        0.713145       -0.662741        1.817918
      87       -0.359119        0.669228       -0.662681        1.824934
      88       -0.346624        0.740410       -0.662754        1.819355
      89       -0.334917        0.695283       -0.662727        1.816580
      90       -0.323017        0.736104       -0.662776        1.811757
      91       -0.311392        0.734854       -0.662797        1.807200
      92       -0.300039        0.733076       -0.662842        1.804727
      93       -0.289115        0.715947       -0.662881        1.809820
      94       -0.278671        0.692588       -0.662876        1.813512
      95       -0.268630        0.675254       -0.662834        1.813861
      96       -0.258169        0.735635       -0.662889        1.807768
      97       -0.248194        0.709375       -0.662889        1.811354
      98       -0.238327        0.718760       -0.662914        1.822769
      99       -0.228447        0.739746       -0.662944        1.821552
     100       -0.218899        0.726426       -0.662950        1.821207
