 # dimension de la red :          64
 # acoplamiento spines :  0.941111088    
 # campo externo       :   0.00000000    
 #                     
 #paso,  <mag.total>,<mag.cadena>,energ,calor esp
 #                     
       1       -0.998994       -0.998994       -1.878491        0.014648
       2       -0.998857       -0.998721       -1.878032        0.020020
       3       -0.998861       -0.998867       -1.878044        0.025065
       4       -0.998848       -0.998809       -1.877995        0.023926
       5       -0.998828       -0.998750       -1.877918        0.025586
       6       -0.998843       -0.998916       -1.877964        0.025065
       7       -0.998837       -0.998799       -1.877958        0.024135
       8       -0.998774       -0.998340       -1.877738        0.027588
       9       -0.998783       -0.998848       -1.877768        0.026801
      10       -0.998793       -0.998887       -1.877811        0.025879
      11       -0.998788       -0.998740       -1.877798        0.025124
      12       -0.998776       -0.998643       -1.877750        0.025635
      13       -0.998781       -0.998838       -1.877762        0.025240
      14       -0.998788       -0.998877       -1.877790        0.025251
      15       -0.998781       -0.998682       -1.877765        0.026042
      16       -0.998787       -0.998887       -1.877785        0.025574
      17       -0.998781       -0.998682       -1.877763        0.025678
      18       -0.998786       -0.998877       -1.877783        0.025825
      19       -0.998783       -0.998721       -1.877770        0.026676
      20       -0.998787       -0.998867       -1.877781        0.026514
      21       -0.998783       -0.998711       -1.877764        0.026135
      22       -0.998780       -0.998711       -1.877758        0.026145
      23       -0.998777       -0.998711       -1.877748        0.025943
      24       -0.998789       -0.999053       -1.877791        0.025757
      25       -0.998796       -0.998965       -1.877814        0.025391
      26       -0.998801       -0.998936       -1.877834        0.025203
      27       -0.998795       -0.998643       -1.877812        0.025427
      28       -0.998798       -0.998867       -1.877818        0.025635
      29       -0.998800       -0.998877       -1.877829        0.025458
      30       -0.998802       -0.998838       -1.877831        0.025391
      31       -0.998805       -0.998916       -1.877844        0.025233
      32       -0.998811       -0.998984       -1.877865        0.024963
      33       -0.998807       -0.998691       -1.877852        0.025154
      34       -0.998808       -0.998838       -1.877853        0.025247
      35       -0.998818       -0.999141       -1.877888        0.025000
      36       -0.998810       -0.998525       -1.877860        0.025146
      37       -0.998812       -0.998906       -1.877871        0.025311
      38       -0.998810       -0.998721       -1.877864        0.025622
      39       -0.998807       -0.998701       -1.877854        0.025816
      40       -0.998807       -0.998809       -1.877854        0.025757
      41       -0.998809       -0.998867       -1.877859        0.025534
      42       -0.998810       -0.998877       -1.877865        0.025577
      43       -0.998817       -0.999092       -1.877887        0.025391
      44       -0.998816       -0.998779       -1.877883        0.025346
      45       -0.998815       -0.998770       -1.877880        0.025326
      46       -0.998814       -0.998779       -1.877878        0.025603
      47       -0.998811       -0.998682       -1.877871        0.025806
      48       -0.998812       -0.998828       -1.877872        0.025675
      49       -0.998809       -0.998662       -1.877862        0.025510
      50       -0.998809       -0.998818       -1.877863        0.025508
      51       -0.998805       -0.998643       -1.877853        0.026042
      52       -0.998805       -0.998779       -1.877850        0.026104
      53       -0.998806       -0.998867       -1.877854        0.025999
      54       -0.998805       -0.998730       -1.877847        0.026132
      55       -0.998802       -0.998672       -1.877837        0.026243
      56       -0.998805       -0.998945       -1.877846        0.026437
      57       -0.998807       -0.998926       -1.877853        0.026539
      58       -0.998806       -0.998770       -1.877849        0.026552
      59       -0.998807       -0.998828       -1.877851        0.026814
      60       -0.998807       -0.998838       -1.877853        0.026725
      61       -0.998807       -0.998770       -1.877851        0.026671
      62       -0.998806       -0.998760       -1.877849        0.026777
      63       -0.998805       -0.998779       -1.877847        0.027189
      64       -0.998808       -0.998975       -1.877856        0.027023
      65       -0.998807       -0.998760       -1.877854        0.026968
      66       -0.998809       -0.998926       -1.877860        0.026796
      67       -0.998808       -0.998750       -1.877858        0.026688
      68       -0.998807       -0.998760       -1.877854        0.026784
      69       -0.998808       -0.998877       -1.877857        0.026721
      70       -0.998806       -0.998652       -1.877850        0.026939
      71       -0.998806       -0.998789       -1.877849        0.026876
      72       -0.998809       -0.999062       -1.877862        0.026896
      73       -0.998812       -0.999004       -1.877872        0.026902
      74       -0.998810       -0.998672       -1.877866        0.026829
      75       -0.998813       -0.998994       -1.877874        0.026536
      76       -0.998810       -0.998652       -1.877868        0.026444
      77       -0.998812       -0.998955       -1.877875        0.026494
      78       -0.998812       -0.998809       -1.877875        0.026505
      79       -0.998812       -0.998799       -1.877873        0.026528
      80       -0.998814       -0.998975       -1.877881        0.026453
      81       -0.998813       -0.998750       -1.877879        0.026403
      82       -0.998813       -0.998779       -1.877878        0.026236
      83       -0.998815       -0.999004       -1.877886        0.026061
      84       -0.998816       -0.998857       -1.877887        0.025972
      85       -0.998817       -0.998965       -1.877893        0.025965
      86       -0.998816       -0.998662       -1.877888        0.025981
      87       -0.998814       -0.998633       -1.877879        0.026042
      88       -0.998817       -0.999131       -1.877892        0.026034
      89       -0.998819       -0.998945       -1.877897        0.026115
      90       -0.998818       -0.998750       -1.877894        0.026183
      91       -0.998819       -0.998887       -1.877897        0.026120
      92       -0.998818       -0.998799       -1.877896        0.026240
      93       -0.998820       -0.998926       -1.877901        0.026199
      94       -0.998821       -0.998916       -1.877904        0.026056
      95       -0.998819       -0.998691       -1.877900        0.026079
      96       -0.998819       -0.998818       -1.877899        0.026052
      97       -0.998821       -0.998965       -1.877904        0.025985
      98       -0.998820       -0.998760       -1.877902        0.025959
      99       -0.998819       -0.998721       -1.877898        0.025884
     100       -0.998817       -0.998613       -1.877890        0.025947
