1.000000000000000021e-02
5.666667000000000232e-02
1.033333300000000010e-01
1.499999999999999944e-01
1.966666699999999879e-01
2.433333299999999866e-01
2.899999999999999800e-01
3.366666700000000012e-01
3.833333300000000277e-01
4.299999999999999933e-01
4.400000000000000022e-01
4.422222199999999992e-01
4.444444399999999962e-01
4.466666699999999879e-01
4.488888899999999849e-01
4.511111099999999818e-01
4.533333299999999788e-01
4.555555600000000260e-01
4.577777800000000230e-01
4.600000000000000200e-01
4.699999999999999734e-01
5.288888899999999449e-01
5.877777800000000274e-01
6.466666699999999990e-01
7.055555599999999705e-01
7.644444400000000028e-01
8.233333299999999744e-01
8.822222199999999459e-01
9.411111100000000285e-01
1.000000000000000000e+00
