    0.0000   -2.1270
    0.0707   -2.1050
    0.1414   -2.0360
    0.2121   -1.9210
    0.2828   -1.7600
    0.3536   -1.5550
    0.4654   -2.0830
    0.5772   -2.7120
    0.6890   -3.3650
    0.8008   -3.9870
    0.9126   -4.5430
    1.0244   -5.0120
    1.1362   -5.3850
    1.2480   -5.6550
    1.3598   -5.8180
    1.4716   -5.8710
    1.5716   -5.8290
    1.6716   -5.6980
    1.7716   -5.4810
    1.8716   -5.1790
    1.9716   -4.7910
    2.0716   -4.3230
    2.1716   -3.7760
    2.2716   -3.1560
    2.3716   -2.4700
    2.4716   -1.7230
    2.5216   -1.7200
    2.5716   -1.7090
    2.6216   -1.6920
    2.6716   -1.6690
    2.7216   -1.6430
    2.7716   -1.6170
    2.8216   -1.5920
    2.9216   -1.5600
    2.9716   -1.5550
    3.0423   -1.8800
    3.1130   -2.1980
    3.1837   -2.4930
    3.2544   -2.7580
    3.3251   -2.9890
    3.3959   -3.1780
    3.4666   -3.3310
    3.5373   -3.4390
    3.6080   -3.5030
    3.6787   -3.5240
    3.6787   -0.9220
    3.6080   -0.9100
    3.5373   -0.8760
    3.4666   -0.8250
    3.3959   -0.7670
    3.3251   -0.7230
    3.2544   -0.7210
    3.1837   -0.8000
    3.1130   -0.9800
    3.0423   -1.2430
    2.9716   -1.5550
    2.9216   -1.5600
    2.8216   -1.5920
    2.7716   -1.6170
    2.7216   -1.6430
    2.6716   -1.6690
    2.6216   -1.6920
    2.5716   -1.7090
    2.5216   -1.7200
    2.4716   -1.7230
    2.3716   -0.9250
    2.2716   -0.0840
    2.1716    0.7850
    2.0716    1.6740
    1.9716    2.5700
    1.8716    3.4590
    1.7716    4.3280
    1.6716    5.1360
    1.5716    5.7910
    1.4716    6.0720
    1.3598    5.6090
    1.2480    4.6840
    1.1362    3.6790
    1.0244    2.7030
    0.9126    1.7930
    0.8008    0.9570
    0.6890    0.2030
    0.5772   -0.4680
    0.4654   -1.0540
    0.3536   -1.5550
    0.2828   -1.3640
    0.2121   -1.2440
    0.1414   -1.1790
    0.0707   -1.1480
    0.0000   -1.1370
    0.0000    1.7220
    0.0707    1.7410
    0.1414    1.7970
    0.2121    1.8890
    0.2828    2.0160
    0.3536    2.1760
    0.4654    1.9770
    0.5772    2.0500
    0.6890    2.3350
    0.8008    2.7760
    0.9126    3.3320
    1.0244    3.9690
    1.1362    4.6480
    1.2480    5.3090
    1.3598    5.8460
    1.4716    6.0720
    1.5716    5.8930
    1.6716    5.4890
    1.7716    5.0220
    1.8716    4.5700
    1.9716    4.1650
    2.0716    3.8230
    2.1716    3.5510
    2.2716    3.3550
    2.3716    3.2360
    2.4716    3.1960
    2.5216    3.1620
    2.5716    3.0690
    2.6216    2.9340
    2.6716    2.7780
    2.7216    2.6200
    2.7716    2.4740
    2.8216    2.3500
    2.9216    2.1960
    2.9716    2.1760
    3.0423    1.9740
    3.1130    1.8900
    3.1837    1.9620
    3.2544    2.2060
    3.3251    2.5960
    3.3959    3.0910
    3.4666    3.6430
    3.5373    4.1990
    3.6080    4.6630
    3.6787    4.8610
    3.6787    4.8610
    3.6080    4.8200
    3.5373    4.6960
    3.4666    4.4930
    3.3959    4.2190
    3.3251    3.8910
    3.2544    3.5290
    3.1837    3.1570
    3.1130    2.7920
    3.0423    2.4580
    2.9716    2.1760
    2.9216    2.1960
    2.8216    2.3500
    2.7716    2.4740
    2.7216    2.6200
    2.6716    2.7780
    2.6216    2.9340
    2.5716    3.0690
    2.5216    3.1620
    2.4716    3.1960
    2.3716    3.2360
    2.2716    3.3550
    2.1716    3.5510
    2.0716    3.8230
    1.9716    4.1650
    1.8716    4.5700
    1.7716    5.0220
    1.6716    5.4890
    1.5716    5.8930
    1.4716    6.0720
    1.3598    5.9950
    1.2480    5.7870
    1.1362    5.4790
    1.0244    5.0930
    0.9126    4.6320
    0.8008    4.1150
    0.6890    3.5740
    0.5772    3.0470
    0.4654    2.5720
    0.3536    2.1760
    0.2828    2.4150
    0.2121    2.7570
    0.1414    3.1470
    0.0707    3.4850
    0.0000    3.6260
    0.0000    7.2340
    0.0707    7.4450
    0.1414    7.9980
    0.2121    8.7550
    0.2828    9.6160
    0.3536   10.3030
    0.4654    9.9510
    0.5772    9.4360
    0.6890    9.0130
    0.8008    8.6970
    0.9126    8.4910
    1.0244    8.3940
    1.1362    8.3960
    1.2480    8.4770
    1.3598    8.5800
    1.4716    8.6300
    1.5716    8.5200
    1.6716    8.2370
    1.7716    7.8700
    1.8716    7.4970
    1.9716    7.1620
    2.0716    6.8920
    2.1716    6.7040
    2.2716    6.6080
    2.3716    6.6150
    2.4716    6.7360
    2.5216    6.7980
    2.5716    6.9730
    2.6216    7.2460
    2.6716    7.5960
    2.7216    8.0040
    2.7716    8.4600
    2.8216    8.9540
    2.9216    9.9810
    2.9716   10.3030
    3.0423   10.0030
    3.1130    9.7050
    3.1837    9.4610
    3.2544    9.2810
    3.3251    9.1740
    3.3959    9.1490
    3.4666    9.1930
    3.5373    9.2860
    3.6080    9.3780
    3.6787    9.4190
    3.6787    7.5660
    3.6080    7.7460
    3.5373    8.1310
    3.4666    8.5080
    3.3959    8.8220
    3.3251    9.1060
    3.2544    9.3980
    3.1837    9.7050
    3.1130   10.0290
    3.0423   10.3260
    2.9716   10.3030
    2.9216    9.9810
    2.8216    8.9540
    2.7716    8.4600
    2.7216   13.8780
    2.6716   14.5190
    2.6216   15.1290
    2.5716   15.6490
    2.5216   15.9760
    2.4716   16.0730
    2.3716   15.4650
    2.2716   14.5470
    2.1716   13.6170
    2.0716   12.7040
    1.9716   11.8180
    1.8716   10.9570
    1.7716   10.1510
    1.6716    9.4230
    1.5716    8.8600
    1.4716    8.6300
    1.3598    8.8460
    1.2480    9.1640
    1.1362    9.4890
    1.0244    9.7760
    0.9126    9.9410
    0.8008    9.8270
    0.6890    9.7410
    0.5772    9.8060
    0.4654   10.0040
    0.3536   10.3030
    0.2828   10.3530
    0.2121   10.2920
    0.1414   10.2260
    0.0707   10.1830
    0.0000   10.1700
    0.0000   13.5170
    0.0707   13.0940
    0.1414   12.5000
    0.2121   11.9210
    0.2828   11.3980
    0.3536   11.0450
    0.4654   10.7120
    0.5772   10.4780
    0.6890   10.3240
    0.8008   10.2150
    0.9126   10.2490
    1.0244   10.6570
    1.1362   11.0280
    1.2480   10.5780
    1.3598    9.7130
    1.4716    8.6300
    1.5716    8.8600
    1.6716    9.4230
    1.7716   10.1510
    1.8716   10.9570
    1.9716   11.8180
    2.0716   12.7040
    2.1716   13.6170
    2.2716   14.5470
    2.3716   15.4650
    2.4716   16.0730
    2.5216   15.9760
    2.5716   15.6490
    2.6216   15.1290
    2.6716   14.5190
    2.7216   13.8780
    2.7716   13.2280
    2.8216   12.5890
    2.9216   11.3880
    2.9716   11.0450
    3.0423   11.0410
    3.1130   11.4390
    3.1837   11.9520
    3.2544   12.5290
    3.3251   11.9660
    3.3959   11.0800
    3.4666   10.3320
    3.5373    9.8000
    3.6080    9.5080
    3.6787    9.4190
    3.6787   13.6260
    3.6080   13.7280
    3.5373   13.9600
    3.4666   14.0850
    3.3959   13.8650
    3.3251   13.4130
    3.2544   12.8980
    3.1837   12.3780
    3.1130   11.8780
    3.0423   11.4190
    2.9716   11.0450
    2.9216   11.3880
    2.8216   12.5890
    2.7716   13.2280
    2.7216    8.0040
    2.6716    7.5960
    2.6216    7.2460
    2.5716    6.9730
    2.5216    6.7980
    2.4716    6.7360
    2.3716    6.9740
    2.2716    7.3400
    2.1716    7.8310
    2.0716    8.4490
    1.9716    9.1720
    1.8716    9.9220
    1.7716   10.4080
    1.6716   10.1610
    1.5716    9.6080
    1.4716    9.3400
    1.3598    8.8340
    1.2480    9.3310
    1.1362    9.9780
    1.0244   10.7230
    0.9126   11.5560
    0.8008   12.4660
    0.6890   13.4510
    0.5772   13.8210
    0.4654   12.2500
    0.3536   11.0450
    0.2828   11.4260
    0.2121   12.1000
    0.1414   12.8330
    0.0707   13.5930
    0.0000   14.1980
